58.2762
58.2762
58.2762
58.5384
58.5384
58.3109
58.3109
58.3109
58.2785
58.2785
59.7741
59.7741
59.7741
58.9966
58.9966
66.5563
66.5563
66.5563
76.8353
76.8353
77.5233
77.5233
77.5233
85.6026
85.6026
85.6026
85.6026
85.6026
100.0125
100.0125
100.0125
100.0125
100.0125
103.1984
103.1984
103.2382
103.2382
103.2382
103.2382
103.2382
103.2382
103.2382
103.2382
103.2382
103.2382
95.101
95.101
95.101
90.804
90.804
90.804
94.6012
94.6012
91.0877
91.0877
91.0877
91.0877
91.0877
90.1495
90.1495
89.5028
89.5028
89.5028
89.2391
89.2391
87.3763
87.3763
87.3763
87.4277
87.4277
86.8265
86.8265
86.8265
97.5594
97.5594
97.4833
97.4833
97.4833
96.7026
96.7026
83.8234
83.8234
83.8234
82.8887
82.8887
82.8867
82.8867
82.8867
84.1145
84.1145
85.3331
85.3331
85.3331
85.024
85.024
85.024
85.024
85.024
88.1747
88.1747
86.5961
86.5961
86.5961
86.9659
86.9659
85.7405
85.7405
85.7405
91.7005
91.7005
88.3196
88.3196
88.3196
91.9728
91.9728
91.4011
91.4011
73.3043
94.4791
94.4791
94.4793
94.4793
72.8832
94.7705
94.7705
94.6079
94.6079
94.6079
92.2218
92.2218
87.521
87.521
87.521
84.6824
84.6824
76.3479
76.3479
76.3479
76.3479
76.3479
76.3479
76.3479
76.3479
76.3479
76.3479
76.3479
76.3479
76.3479
74.5051
74.5051
74.4858
74.4858
74.4858
75.3346
75.3346
78.2231
78.2231
78.2231
89.4413
89.4413
89.3223
89.3223
89.3223
89.8806
89.8806
91.8694
91.8694
91.8694
91.702
91.702
91.7824
91.7824
91.7824
84.4794
84.4794
77.7206
77.7206
77.7206
70.2302
70.2302
64.0856
64.0856
64.0856
60.445
60.445
59.4853
59.4853
59.4853
57.136
57.136
56.7317
56.7317
56.7317
50.5694
50.5694
49.8597
49.8597
49.8597
71.8562
71.8562
71.8562
71.8562
71.8562
76.0773
76.0773
72.7608
72.7608
72.7608
67.7309
67.7309
67.5279
67.5279
67.5279
63.7879
63.7879
54.3742
54.3742
48.3977
48.3977
48.3977
48.3977
48.3977
48.3977
48.9158
48.9158
48.9158
48.9158
48.9158
47.6646
47.6646
47.9135
47.9135
47.9135
46.8465
46.8465
44.4806
44.4806
44.4806
45.4322
45.4322
44.2237
44.2237
44.2237
42.9899
42.9899
42.7969
42.7969
42.7969
44.5236
44.5236
44.5043
44.5043
44.5043
42.7648
42.7648
42.7584
42.7584
42.7584
44.1994
44.1994
44.0368
44.0368
44.0368
44.0342
44.0342
48.091
48.091
48.091
48.091
48.091
48.0814
48.0814
47.8974
47.8974
47.8974
47.8974
47.8974
47.8974
56.7574
56.7574
56.7574
56.7574
56.7574
56.7574
56.7574
57.0682
57.0682
57.0682
71.9786
71.9786
71.9786
71.9786
71.9786
61.8229
61.8229
61.8229
61.8229
61.8229
63.4304
63.4304
63.4304
63.4304
63.4304
64.4441
64.4441
64.4441
64.4441
64.4441
64.4441
64.4441
65.8396
65.8396
65.8396
65.8493
65.8493
70.6683
70.6683
70.6683
77.6703
77.6703
88.3187
88.3187
88.3187
95.3534
95.3534
96.1941
96.1941
96.1941
95.9369
95.9369
10.7732
10.7732
10.7732
107.716
107.716
108.5339
108.5339
108.5339
105.3261
105.3261
101.6872
101.6872
101.6872
101.6374
101.6374
102.475
102.475
102.475
102.2923
102.2923
101.0619
101.0619
101.0619
105.7694
105.7694
105.9912
105.9912
105.9912
105.9912
105.9912
105.9912
105.9912
105.9912
105.9912
105.9912
105.9912
105.9912
105.9912
105.9912
105.9912
108.2288
108.2288
108.2288
108.1981
108.1981
110.2671
110.2671
110.2671
110.2671
110.2671
110.4536
110.4536
110.4536
117.3729
117.3729
108.4131
108.4131
108.4131
103.3276
103.3276
89.6914
89.6914
89.6914
91.2517
91.2517
91.2517
91.2517
91.2517
91.1342
91.1342
104.3429
104.3429
104.3429
91.9331
91.9331
91.7723
91.7723
91.7723
91.7388
91.7388
91.4012
91.4012
91.4012
92.4724
92.4724
92.4724
92.4724
92.4724
95.9582
95.9582
95.8389
95.8389
95.8389
95.6749
95.6749
81.0596
81.0596
81.0596
78.4569
78.4569
78.4059
78.4059
78.4059
78.4059
78.4059
82.7489
82.7489
82.7489
82.8283
82.8283
82.7089
82.7089
82.7089
82.7089
82.7089
83.6648
83.6648
83.6648
83.6648
83.6648
83.5404
83.5404
83.5404
81.8145
81.8145
82.0504
82.0504
82.0504
82.0504
82.0504
82.0504
82.0504
82.0504
81.9279
81.9279
83.1048
83.1048
83.1048
83.1048
83.1048
82.5838
82.5838
82.5838
81.1666
81.1666
81.1666
81.1666
81.1666
81.1471
81.1471
81.1471
81.1471
81.1471
81.1239
81.1239
81.1239
81.1239
81.1239
80.921
80.921
80.921
80.921
80.921
80.921
80.921
80.921
80.921
80.921
80.8401
80.8401
80.8401
80.8401
80.8401
80.9102
80.9102
80.9102
80.9102
80.9102
80.9006
80.9006
83.263
83.263
83.263
83.243
83.243
80.2047
80.2047
80.2047
80.2047
80.2047
81.9457
81.9457
81.9457
83.8646
83.8646
85.9775
85.9775
85.9775
73.1046
73.1046
66.1796
66.1796
66.1796
72.0958
72.0958
72.0965
72.0965
72.0965
75.7279
75.7279
77.9071
77.9071
77.9071
89.4424
89.4424
91.646
91.646
91.646
91.2666
91.2666
91.2666
91.2666
91.2666
91.2666
91.2666
103.674
103.674
103.674
97.1402
97.1402
96.8187
96.8187
96.8187
95.2916
95.2916
95.2815
95.2815
95.2815
92.3204
92.3204
92.1332
92.1332
92.1332
89.4693
89.4693
85.7464
85.7464
85.7464
85.6134
85.6134
85.249
85.249
85.249
85.204
85.204
83.9583
83.9583
83.9583
87.9412
87.9412
87.9412
87.9412
87.9412
87.5948
87.5948
87.5948
87.5948
87.5948
87.5948
87.5948
92.0939
92.0939
92.0939
87.0142
87.0142
87.0142
87.0142
87.0142
81.967
81.967
82.43
82.43
82.43
81.8348
81.8348
81.8348
81.8348
81.8348
81.8348
81.8348
83.3748
83.3748
83.3748
83.3554
83.3554
83.6819
83.6819
83.6819
81.7269
81.7269
83.3473
83.3473
83.3473
93.7016
93.7016
93.7016
93.7016
93.7016
93.7016
93.7016
93.6148
93.6148
93.6148
94.8973
94.8973
94.8973
94.8973
94.8973
100.8702
100.8702
111.2146
111.2146
111.2146
117.6643
117.6643
117.6643
117.6643
117.6643
119.8176
119.8176
112.5707
112.5707
112.5707
104.7915
104.7915
103.1646
103.1646
103.1646
95.4855
95.4855
86.0106
86.0106
86.0106
88.133
88.133
90.8165
90.8165
90.8165
94.2231
94.2231
92.8005
92.8005
92.8005
92.762
92.762
92.4634
92.4634
92.4634
91.8828
91.8828
91.8729
91.8729
91.8729
89.7401
89.7401
86.0125
86.0125
86.0125
88.1208
88.1208
87.8411
87.8411
87.8411
91.493
91.493
93.4952
93.4952
93.4952
95.0331
95.0331
94.8079
94.8079
94.8079
94.2573
94.2573
94.2573
94.2573
94.2573
97.4721
97.4721
97.4721
97.4721
97.4721
113.7371
113.7371
125.9091
125.9091
125.9091
131.4362
131.4362
129.4132
129.4132
129.4132
129.4132
129.4132
125.8213
125.8213
125.8213
122.1389
122.1389
122.1389
122.1389
122.1389
122.1389
121.9448
121.9448
121.9448
121.9448
121.9382
121.9382
121.7479
121.7479
121.7479
121.5454
121.5454
121.5454
121.5454
121.5454
121.5454
121.5454
121.5454
121.5454
121.5454
138.8197
138.8197
139.2763
139.2763
139.2763
139.2779
139.2779
139.2779
139.2779
139.2779
139.1481
139.1481
136.8233
136.8233
136.8233
137.3484
137.3484
137.3452
137.3452
137.3452
137.2002
137.2002
137.2002
137.2002
137.2002
137.3896
137.3896
137.3896
137.3896
137.3896
137.3896
137.3896
137.3896
137.3896
137.3896
158.8364
158.8364
158.8364
158.8364
158.8364
158.8299
158.8299
158.8299
158.8299
158.8299
173.917
173.917
173.917
173.917
173.917
196.6795
196.6795
196.6795
196.6795
196.6795
196.6795
196.6795
196.6795
196.6795
196.6795
196.6795
196.6795
196.6795
196.6795
196.6795
196.6795
196.6795
196.6795
196.6795
196.6795
196.5664
196.5664
196.5503
196.5503
196.5503
196.5503
196.5503
191.504
191.504
191.504
191.504
191.504
191.5008
191.5008
191.5008
191.5008
191.5008
185.0518
185.0518
185.0518
185.0518
185.0518
189.2615
189.2615
189.2615
189.2615
189.2615
189.2615
189.2615
189.2615
189.2615
189.2615
189.2615
189.2615
189.2615
189.2519
189.2519
189.0236
189.0236
189.0236
189.014
189.014
189.014
189.014
189.014
189.014
189.014
189.014
189.014
189.014
189.014
189.014
201.2584
201.2584
201.2584
201.2584
201.2584
201.2584
201.2584
201.2584
201.2584
201.2584
201.2584
201.2584
201.2584
201.2584
201.2584
201.2584
201.2584
201.2584
197.6104
197.6104
197.6104
197.6104
197.6104
195.3207
195.3207
195.3207
195.3207
195.3207
195.5489
195.5489
195.2146
195.2146
195.2146
195.2789
195.2789
196.1148
196.1148
196.1148
195.5522
195.5522
195.3111
195.3111
195.3111
195.3111
195.3111
195.3111
195.3111
195.3111
182.2396
182.2396
182.2197
182.2197
182.2197
189.8038
189.8038
190.3794
190.3794
190.3794
191.5668
191.5668
190.7952
190.7952
190.7952
187.1028
187.1028
187.1028
187.1028
187.1028
187.1028
187.1028
186.5577
186.5577
186.5577
186.5481
186.5481
186.5481
186.5481
186.5481
186.5481
186.5481
182.2208
182.2208
182.2208
186.5481
186.5481
186.4254
186.4254
186.4254
186.3997
186.3997
186.3997
186.3997
186.3997
186.3997
186.3997
186.3997
186.3997
186.3997
186.3708
186.3708
186.3611
186.3611
186.3611
186.3611
186.3611
186.3611
186.3611
186.3611
186.0963
186.0963
184.9537
184.9537
184.9537
184.8734
184.8734
184.8734
184.8734
184.8734
178.4279
178.4279
178.4279
178.4279
178.4279
161.2078
161.2078
178.3889
178.3889
178.3889
177.5852
177.5852
177.5563
177.5563
177.5563
177.533
177.533
177.533
177.533
177.533
177.533
177.533
177.533
177.533
177.533
177.533
177.533
177.533
177.533
177.533
177.533
177.533
177.5233
177.5233
177.5233
176.3839
176.3839
176.7824
176.7824
176.7824
176.2947
176.2947
168.9353
168.9353
168.9353
166.7218
166.7218
164.8874
164.8874
164.8874
163.2873
163.2873
163.2873
163.2873
163.2873
159.2822
159.2822
158.9193
158.9193
158.9193
153.7832
153.7832
145.7214
145.7214
145.7214
139.2926
139.2926
135.396
135.396
135.396
130.2372
130.2372
130.2269
130.2269
130.2269
101.8929
101.8929
101.8929
101.8929
101.8929
101.4614
101.4614
100.9867
100.9867
100.9867
85.8307
85.8307
85.8307
85.8307
85.8307
82.609
82.609
83.9657
83.9657
83.9657
83.9625
83.9625
83.9421
83.9421
83.9421
83.2091
83.2091
83.2027
83.2027
83.2027
82.4918
82.4918
82.4918
82.4918
82.4918
82.4918
82.4918
86.4157
86.4157
86.4157
89.2168
89.2168
93.6061
93.6061
93.6061
94.5281
94.5281
94.4375
94.4375
94.4375
90.492
90.492
90.1796
90.1796
90.1796
89.4498
89.4498
89.1283
89.1283
89.1283
89.1283
89.1283
89.1283
89.1283
89.1283
90.375
90.375
90.375
90.375
90.375
90.3052
90.3052
90.2058
90.2058
90.2058
90.2058
90.2058
90.2058
90.2058
90.2058
90.1094
90.1094
89.8235
89.8235
89.8235
89.7323
89.7323
89.682
89.682
89.682
83.9438
83.9438
83.9438
83.9438
83.9438
79.3647
79.3647
79.3647
79.3647
79.3647
79.3647
79.3647
79.3647
79.3647
79.3647
79.3647
79.3647
79.3647
79.3647
79.3647
79.3647
79.3647
79.3647
79.3647
79.3647
79.2074
79.2074
79.2074
79.2074
79.2074
79.2074
79.2074
82.4288
82.4288
82.4288
99.8823
99.8823
109.6574
109.6574
109.6574
109.6574
109.6574
109.6574
109.6574
109.6574
109.4902
109.4902
109.4902
109.4902
109.4902
109.3587
109.3587
116.5472
116.5472
116.5472
116.4567
116.4567
116.4535
116.4535
116.4535
116.4132
116.4132
126.0205
126.0205
126.0205
126.0205
126.0205
126.0205
126.0205
126.0205
135.6278
135.6278
135.6278
135.6278
135.6278
145.2352
145.2352
142.5838
142.5838
142.5838
145.4951
145.4951
145.8006
145.8006
145.8006
138.1135
138.1135
138.075
138.075
138.075
122.3146
122.3146
122.3146
122.3146
122.3146
122.3146
122.3146
122.3146
122.3146
122.3146
122.3146
122.3146
122.0253
122.0253
122.0253
121.1004
121.1004
121.1004
121.1004
121.1004
121.2652
121.2652
121.2652
121.2652
121.2652
120.1088
120.1088
120.1088
120.1088
120.1088
118.665
118.665
118.665
118.665
118.665
118.665
118.665
116.2524
116.2524
116.2524
128.6249
128.6249
128.6217
128.6217
128.6217
128.5734
128.5734
128.5734
128.5734
128.5734
128.5701
128.5701
128.5701
128.5701
128.5701
127.9508
127.9508
129.1532
129.1532
129.1532
128.4985
128.4985
128.1128
128.1128
128.1128
127.6583
127.6583
127.6583
127.6583
127.6583
127.1241
127.1241
127.1241
127.1241
127.1241
132.233
132.233
134.6217
134.6217
134.6217
134.7541
134.7541
134.7541
134.7541
134.7541
134.7541
134.7541
134.7541
134.7541
134.7541
134.4423
134.4423
134.4423
134.4423
134.4423
137.2327
137.2327
148.9963
148.9963
148.9963
148.9764
148.9764
149.7222
149.7222
149.7222
161.3039
161.3039
160.767
160.767
160.767
170.2045
170.2045
170.195
170.195
170.195
170.1918
170.1918
176.9614
176.9614
176.9614
176.4149
176.4149
176.4149
176.4149
176.4149
176.4117
176.4117
176.4117
176.4117
176.4117
186.6767
186.6767
186.2366
186.2366
186.2366
186.2334
186.2334
186.2334
186.2334
186.2334
184.5305
184.5305
191.2569
191.2569
191.2569
191.102
191.102
191.0988
191.0988
191.0988
196.8124
196.8124
195.9017
195.9017
195.9017
195.9017
195.9017
192.6609
192.6609
192.6609
183.9815
183.9815
183.5562
183.5562
183.5562
183.2347
183.2347
179.8231
179.8231
179.8231
197.0269
197.0269
195.4179
195.4179
195.4179
195.3878
195.3878
195.3878
195.3878
195.3878
167.7541
167.7541
174.3744
174.3744
174.3744
191.4958
191.4958
189.6515
189.6515
189.6515
190.8006
190.8006
190.7806
190.7806
190.7806
188.8928
188.8928
190.6691
190.6691
190.6691
190.5772
190.5772
190.3575
190.3575
190.3575
189.2447
189.2447
189.2447
189.2447
189.2447
189.2092
189.2092
188.295
188.295
188.295
188.295
188.295
188.6454
188.6454
188.6454
184.3531
184.3531
194.5263
194.5263
194.5263
199.7074
199.7074
199.7074
199.7074
199.7074
199.4912
199.4912
199.4912
199.4912
199.4912
200.0023
200.0023
199.4043
199.4043
199.4043
199.4043
199.4043
199.2758
199.2758
199.2758
204.6479
204.6479
204.6479
204.6479
204.6479
204.6479
204.6479
203.423
203.423
203.423
203.4032
203.4032
203.5576
203.5576
203.5576
204.1891
204.1891
204.1891
204.1891
204.1891
204.1891
204.1891
204.1891
204.1791
204.1791
204.1791
204.1791
205.6549
205.6549
205.6549
203.6263
203.6263
204.0206
204.0206
204.0206
204.3227
204.3227
203.8889
203.8889
203.8889
204.0109
204.0109
204.8853
204.8853
204.8853
214.5331
214.5331
213.9319
213.9319
213.9319
214.7121
214.7121
214.7023
214.7023
214.7023
215.666
215.666
216.4183
216.4183
216.4183
216.4183
216.4183
226.3101
226.3101
226.3101
226.3101
226.3101
226.3101
226.3101
226.3101
224.5721
224.5721
232.4328
232.4328
232.4328
231.5545
231.5545
231.5545
231.5545
231.5545
233.5428
233.5428
233.464
233.464
233.464
236.0761
236.0761
235.8647
235.8647
235.8647
238.3888
238.3888
238.1188
238.1188
238.1188
237.9763
237.9763
237.892
237.892
237.892
238.3227
238.3227
238.3227
238.3227
238.3227
238.2223
238.2223
238.0868
238.0868
238.0868
246.0731
246.0731
236.0628
236.0628
236.0628
246.043
246.043
246.023
246.023
246.023
245.7658
245.7658
246.1612
246.1612
246.1612
247.1815
247.1815
247.1815
247.1815
247.1815
247.1815
247.1815
247.515
247.515
247.515
247.1022
247.1022
246.8451
246.8451
246.8451
247.2245
247.2245
247.2245
247.2245
247.2245
251.7964
251.7964
251.7268
251.7268
251.7268
251.8004
251.8004
255.0771
255.0771
255.0771
267.5108
267.5108
267.5011
267.5011
267.5011
267.4882
267.4882
267.457
267.457
267.457
267.2683
267.2683
267.5234
267.5234
267.5234
266.919
266.919
266.919
266.919
266.919
274.1653
274.1653
274.155
274.155
274.155
274.3794
274.3794
274.3794
274.3794
274.3794
274.6974
274.6974
274.7146
274.7146
274.7146
274.0038
274.0038
274.0038
274.0038
274.0038
273.2052
273.2052
273.2052
273.2052
273.2052
272.944
272.944
272.7897
272.7897
272.7897
273.1691
273.1691
273.1884
273.1884
273.1884
273.0607
273.0607
273.0073
273.0073
272.9944
278.1913
277.623
277.623
277.5825
277.8546
282.3599
282.2606
282.2606
282.2103
282.2103
282.2735
282.2735
282.2735
282.253
282.253
281.9718
281.9718
281.8753
281.8554
281.7951
281.7951
281.9059
281.9059
281.8959
281.6111
291.4027
291.4027
291.4027
291.2109
291.2109
291.2109
291.2109
291.2109
296.8341
296.4588
296.4588
296.3788
296.3563
296.3065
296.3065
296.3065
296.3065
296.3065
306.1962
306.1962
306.0576
306.0381
306.0381
306.0381
306.0381
306.0381
306.0381
305.8887
305.863
305.863
305.9707
305.9707
305.9707
305.9707
306.3342
306.3046
306.2917
306.2645
306.2506
299.549
306.0507
305.9864
305.9864
305.9864
311.1922
305.1787
312.2237
312.2237
312.2237
312.2237
312.2237
312.2036
312.2036
312.2036
312.1137
312.1137
317.0242
320.0163
337.5538
337.5538
337.5538
342.5639
342.5639
344.0527
344.6618
344.6618
350.537
345.5369
331.2643
332.3975
331.9576
336.829
336.829
336.7893
336.7507
336.6912
336.6912
336.6912
336.6912
336.6912
347.7817
347.7817
347.7785
347.7371
347.7371
347.7371
347.7061
347.7061
347.686
347.8374
347.818
347.818
347.818
349.4816
352.9753
352.9753
352.9753
352.9753
352.9753
357.1046
357.1046
357.045
356.4621
356.4318
356.4318
356.4318
356.4318
359.6311
359.5711
359.5711
367.7356
367.7056
372.2038
372.1942
372.1942
378.1318
378.1318
378.1318
378.1318
381.3279
381.3279
381.3279
381.3279
399.8855
399.8855
399.8855
402.3141
402.7654
407.5097
407.5097
404.547
398.5437
414.2325
414.2325
414.2007
414.2007
414.2007
426.9625
426.9222
426.9222
426.9222
426.9222
426.9222
426.9222
426.9222
426.9222
426.9222
433.1985
433.1985
433.1985
444.6642
444.6642
444.6642
444.6642
444.6642
444.6642
444.6642
439.1432
439.1432
439.1432
439.1432
439.1432
438.7151
438.7151
438.7151
440.3253
440.3253
440.3357
440.3357
440.1749
439.5127
421.2309
421.2309
421.2309
421.2309
439.9634
439.9634
439.9634
439.9433
439.9433
439.9433
439.9433
439.4408
443.0656
442.9209
442.8799
442.8479
443.8515
443.8515
443.8515
447.1316
447.1316
453.9383
453.9383
453.9383
456.3587
456.3587
463.3187
463.3187
465.7036
465.7036
465.7036
471.3432
471.3432
471.3035
471.3035
471.107
471.107
471.0576
470.9677
470.9677
471.7465
478.0098
477.9995
477.9995
478.8401
478.8401
482.395
482.3852
482.3852
482.3852
488.0152
488.0152
488.0152
488.0152
488.0152
488.0152
488.0152
488.1354
488.1354
488.3606
488.3606
488.3656
488.3656
493.4887
495.1229
495.1229
495.0017
495.0017
495.0017
500.6826
512.2424
512.2424
512.2424
512.2424
512.2424
512.2424
512.0803
512.0803
513.5919
513.5919
517.8471
519.4069
519.4069
525.8468
526.3877
526.3877
530.4209
530.3727
531.5188
531.5188
531.8371
531.8371
531.8371
531.8371
533.353
533.353
533.353
534.7153
534.4066
534.4066
534.4066
533.2468
533.2468
535.23
534.8153
534.8153
535.8318
535.79
535.79
535.79
535.79
535.79
535.79
537.3502
537.3502
537.3502
538.9874
538.9874
538.9874
538.9874
538.9874
556.4126
557.9726
557.9726
557.709
557.4647
557.4647
557.4647
557.4647
558.4817
558.4817
564.4706
564.4706
564.4706
559.0867
579.2094
579.5566
579.5566
579.5566
579.5148
586.4836
586.4836
586.4965
586.4965
586.4965
586.4965
595.188
595.1687
595.1687
595.1687
595.1687
593.4342
593.4342
592.8425
592.8425
592.8425
595.9726
596.9476
596.9476
596.9476
598.0787
598.0787
598.0787
594.8002
594.8002
594.8002
591.6193
591.6193
591.6193
591.6097
591.6097
591.6297
591.4593
591.4593
591.4593
591.4593
591.3886
591.3886
591.3886
591.3886
591.3886
591.1057
591.1057
591.3554
591.3554
591.5933
591.5933
591.5933
591.5933
591.5933
591.5505
591.5505
592.9734
592.9734
592.9638
593.2369
593.2369
593.2369
593.2369
593.2369
593.2369
596.0675
596.0675
610.9359
610.9359
610.9359
610.9359
610.9359
610.9359
610.9584
610.9584
610.9316
610.9316
593.4983
593.4983
593.4983
598.7757
598.7757
598.7757
598.7757
598.7757
603.6861
603.6861
603.6861
603.4606
603.4606
603.4606
603.4606
603.4606
603.4606
603.4606
608.0274
608.0274
612.9895
612.9895
612.9895
616.9791
616.9403
613.7498
606.9732
606.9043
606.9043
603.6921
603.6921
603.6921
603.6636
603.6636
601.0233
601.0233
600.8428
600.8428
587.7955
587.7955
587.7955
517.6722
572.2734
572.2734
572.098
572.098
572.009
572.009
572.009
572.009
572.009
571.9988
571.9988
575.0961
581.4774
581.4774
581.4774
581.4774
581.6575
565.9439
564.567
564.567
564.567
568.8397
573.6491
573.6491
573.6491
573.6491
573.8806
577.0871
581.2871
581.2904
581.2904
581.1296
571.3839
571.3839
571.3839
571.3839
590.1198
590.1198
590.1101
590.1101
590.1069
590.4927
590.4537
590.4055
590.3599
590.1991
590.1991
590.1735
590.1735
595.1177
595.1048
594.9923
594.9923
594.9923
594.9923
594.9923
600.3932
600.3932
600.3932
600.3932
599.9398
599.8916
600.1936
600.1936
599.9589
599.9589
600.2611
600.2611
600.2211
600.2211
603.8481
597.9111
603.8286
603.8286
603.8286
606.9459
610.4598
610.4598
673.7148
613.6337
615.4907
615.4425
615.4425
623.5869
625.3413
625.3413
630.1599
630.1501
630.1501
634.9963
634.9963
634.9963
634.9378
634.7449
634.7449
634.7449
634.7449
634.7449
634.7449
634.7449
640.1207
640.1207
640.1207
640.1207
640.1207
640.1207
655.6717
662.4031
662.4031
662.4031
662.4031
654.9297
654.9297
652.0627
652.0627
655.9485
655.9485
655.9485
655.9485
661.4292
661.4292
661.4292
666.6668
666.6668
666.6668
666.6668
667.9432
667.8133
667.8133
667.6495
667.6495
667.6495
667.5816
667.5816
655.7906
694.0029
717.8421
717.8421
717.8421
717.8421
649.7818
665.784
665.784
665.784
665.784
665.784
691.2514
691.2416
701.2582
701.2582
701.2582
701.2698
702.1601
702.1601
700.9752
700.9752
716.9339
716.9339
716.9144
716.9144
721.7485
731.8186
731.8378
731.8378
731.8378
731.8378
731.8378
731.8378
731.8378
731.6351
737.707
738.74
737.7071
737.7071
748.8044
748.8044
748.8044
752.8491
752.8491
752.5276
752.5276
752.3668
752.3668
752.4922
751.8869
751.8869
751.8771
751.8771
751.7222
751.7222
751.7222
754.9186
754.8397
754.8397
752.7352
752.7352
752.6189
752.5605
752.6762
752.6766
752.6766
752.6766
752.6279
752.6279
752.6279
752.6279
752.6177
757.5794
757.3385
757.3385
757.3385
757.3385
757.3287
757.3191
757.3191
757.2995
757.2995
757.2995
762.3801
762.3801
762.3801
751.1696
769.6757
769.6757
769.6757
769.6693
769.6693
769.6693
761.1513
761.1513
761.1513
733.435
764.8639
764.8639
762.5155
767.4615
767.4615
767.4615
774.6526
774.6167
779.6632
779.6632
779.6632
779.6632
779.6127
779.6127
779.6095
779.5998
779.5998
779.5998
779.5998
779.5998
779.5803
779.5803
779.5803
779.5803
779.5707
779.5446
779.5446
779.5446
779.5446
803.2005
803.142
803.142
803.142
803.142
803.142
803.1225
803.1225
803.1225
803.1225
803.1193
803.1193
803.1193
803.1193
803.1193
803.1193
803.0608
803.0608
803.0544
803.0544
803.0544
806.4858
806.4858
806.4858
806.4858
810.4665
810.4275
810.4275
810.4275
810.4275
810.4275
810.4275
808.7081
808.7081
808.7081
816.2578
816.2578
816.2578
816.2578
832.0012
819.8992
817.8502
817.8823
817.8823
817.8823
817.9118
817.9021
816.2946
814.2411
812.4242
812.4243
812.4243
812.4046
812.4046
802.8514
798.083
798.0437
798.0437
793.2503
783.2571
783.2571
807.9582
801.9972
801.9972
801.9873
801.9873
801.9285
778.9312
778.9248
802.4952
802.4952
798.4666
798.4666
791.4271
791.4271
788.942
788.942
788.9388
788.9388
788.9388
779.3219
788.8129
785.6096
785.6096
782.4095
782.4095
775.9325
775.9325
772.7235
769.5184
769.4286
769.3913
759.7832
756.5823
756.5823
756.5823
756.5823
756.5823
756.5823
752.5772
752.5772
752.5772
752.5639
752.5703
752.5639
752.5639
752.4997
752.4997
752.4997
752.4997
752.4965
752.4058
752.4058
752.4058
752.4066
752.4066
752.4066
749.2011
749.2011
794.2008
749.2011
749.1102
749.1102
749.1102
749.1102
749.1102
749.1102
749.1102
749.1102
749.1102
749.1102
746.9964
746.9663
753.3708
753.3708
753.4516
753.4516
753.4516
753.4516
753.4516
753.4516
753.3807
753.3807
753.3807
753.3807
753.3807
753.0907
753.0907
753.0811
753.0811
753.0811
753.0519
753.0519
753.0519
753.0519
749.842
746.3524
746.3524
746.3524
746.3524
746.3524
746.3524
743.1355
743.1355
745.9165
749.1315
749.0913
749.0913
748.7683
748.7683
748.7683
748.7683
748.7683
748.7582
748.7582
748.7582
748.7582
748.7582
748.7582
748.7276
748.7276
748.7276
748.7176
748.7176
748.7176
748.7176
748.6093
748.6093
748.6093
748.6093
748.6093
748.5892
753.6043
754.601
754.601
754.601
754.601
754.601
754.601
754.6612
757.855
757.8353
757.7548
757.7548
757.7548
757.7548
757.7548
757.7548
747.8872
710.2832
730.2511
730.2511
730.2511
745.5703
745.5703
745.5703
761.297
761.297
761.297
761.297
761.297
761.297
768.0192
768.0192
768.0192
768.0128
760.3394
760.3394
762.4842
789.3804
782.5295
782.5295
762.182
767.7226
772.3976
772.3976
772.3976
771.8842
771.8845
771.8845
771.8845
771.8845
771.8746
771.8746
766.7935
766.7935
766.7935
766.7935
766.7935
766.7935
766.7935
763.3132
763.3132
763.3132
763.3132
763.3132
763.2932
763.2932
763.2932
763.2932
763.2932
753.6331
753.6331
748.6281
748.6281
745.1134
745.1134
745.1134
745.1134
745.1134
735.0272
727.6068
723.8241
723.8241
723.8241
722.8313
716.4218
721.1868
721.1868
712.9799
712.9799
712.9799
712.9799
696.8917
696.8917
696.8177
695.2675
695.2675
691.0698
691.0698
691.0338
690.7147
690.7147
713.0515
715.2356
715.2356
715.1958
715.1958
715.1958
715.1958
714.2094
713.1738
713.1738
713.1738
708.5083
709.5222
709.3523
709.3523
708.7953
708.7953
708.7953
708.7953
708.7953
708.6752
708.6753
708.6753
708.6254
708.6254
706.8943
707.6278
707.6278
700.8615
700.4185
700.4185
700.4185
700.4185
700.4185
700.4185
707.7126
707.7126
704.7886
704.1263
698.6692
698.6886
698.6886
702.1705
710.1021
710.1021
710.1021
718.4123
718.3636
718.3636
716.2356
718.4976
718.4976
719.038
731.098
731.098
731.098
735.6637
735.6637
735.5798
735.5597
735.5597
735.5597
735.5597
735.5597
735.5597
735.4762
735.3643
734.515
734.6693
734.6693
724.6134
724.6134
734.5863
734.5863
734.5863
734.5863
734.7503
736.2127
736.2127
736.1934
736.1934
736.1439
736.1439
736.1439
736.1439
739.9597
738.3763
738.3375
738.3375
738.3375
742.0183
742.0183
736.6099
736.6099
736.6099
736.6099
736.6099
736.5304
736.5304
736.5304
736.5304
736.5304
736.5304
736.5304
736.5304
736.5304
736.5304
736.5304
736.5304
737.531
737.531
737.531
737.531
737.531
742.4848
741.2674
741.2672
741.2674
741.2674
742.2575
748.2535
749.2537
749.1724
749.1724
749.1724
749.1724
745.2031
750.2498
746.1332
746.1332
746.13
746.13
755.5811
758.7972
758.7972
763.7696
763.6887
763.6887
763.6791
764.1993
764.1993
764.9198
764.9198
762.1403
762.1403
762.1403
762.1403
715.7692
721.7298
722.2299
709.2334
731.225
737.2063
737.1272
737.6872
737.6872
740.4597
740.4395
740.4395
740.8917
740.8821
741.3822
741.3822
749.852
749.852
750.3329
750.7789
750.7789
750.7789
750.7789
761.2347
755.8005
762.235
762.235
762.3121
762.8122
762.8122
762.8122
762.8122
762.8122
762.8122
763.2618
762.6126
763.6723
763.6723
763.6723
763.6723
763.6723
763.6723
763.6723
769.3105
769.3011
769.3011
769.3011
771.7815
776.041
776.041
776.041
776.041
776.5218
773.8516
768.1835
768.1257
769.2182
769.2182
757.8038
769.8017
758.2138
744.8842
758.2039
758.2039
758.7039
758.6739
758.6739
758.6739
758.654
759.154
759.154
759.1038
759.1038
759.8909
759.8909
759.8881
759.8783
759.8783
759.8783
759.8783
760.3283
760.309
760.309
760.609
760.609
760.669
760.5231
760.5231
761.2071
761.2071
761.2071
761.159
761.159
761.159
761.319
769.7923
769.7923
769.7923
769.7923
769.7923
769.1099
769.1099
769.1099
769.1099
769.6099
770.11
770.11
770.11
810.2882
810.2882
827.1041
827.1041
845.7682
845.7682
842.7529
843.1533
843.1533
843.1533
831.0046
842.671
843.3167
843.3167
843.23
843.23
843.23
824.2062
824.2062
827.4605
826.5988
833.4036
849.1181
849.1181
848.3331
858.3732
860.3558
861.8803
861.8176
861.8176
852.5533
844.2821
854.1321
870.3953
855.6555
855.5969
855.5969
859.2581
859.2581
859.2581
859.2388
859.2388
864.5227
864.1934
864.1934
864.1934
858.9093
858.9093
860.3354
859.1898
859.1898
859.6414
859.6414
859.6414
859.4917
859.4819
860.109
860.109
859.8189
859.7988
856.2462
852.3979
856.1477
856.1477
856.5237
856.0022
856.0022
856.0022
856.0022
856.0022
856.0022
856.9732
856.083
856.083
856.083
856.083
856.5448
856.5448
856.9948
837.2435
837.2435
837.2435
817.1788
817.6688
817.6688
817.6688
810.8978
810.8878
810.8878
810.8878
851.8192
851.6845
851.6845
851.6845
851.0546
851.0346
851.9868
851.9868
851.9803
851.9803
851.9803
852.9503
853.8906
853.8906
855.3831
855.3732
855.3732
854.0101
854.0002
854.0002
854.0002
854.0002
854.0002
854.0002
854.0002
853.4872
853.4872
853.4872
853.457
853.457
854.397
854.397
854.397
855.5769
855.5768
855.0667
854.62
854.62
853.0087
853.0087
853.0087
852.9154
852.9154
853.8555
853.8555
854.803
855.7698
855.7698
855.7698
855.6693
857.08
856.9601
856.9601
848.7857
848.7857
842.856
842.856
842.9022
842.899
842.899
842.899
842.899
845.8484
845.8484
846.7695
851.7846
858.6571
858.6066
863.5863
863.5863
863.5863
863.5863
866.5365
868.5366
869.5066
869.5066
869.5066
871.1592
871.2463
872.2363
872.1175
877.4504
877.4504
877.9324
878.5231
883.4691
887.7113
887.7113
887.3785
888.3095
888.3031
850.8629
847.898
852.1639
858.4405
858.3211
858.2177
858.2177
858.2177
858.2177
857.9895
858.9798
844.3738
844.4142
844.4142
846.0537
845.9538
845.9538
845.9438
845.3302
845.3201
850.7155
848.9767
848.9767
848.9384
848.9384
849.509
849.509
849.4394
849.433
849.433
849.4226
845.7519
850.1818
850.1613
851.3188
851.3091
829.7906
829.702
829.702
831.5082
831.5082
832.2609
832.2384
831.8172
872.6264
872.6264
872.1752
872.1752
872.1752
870.0713
871.2089
873.1917
873.6457
874.1646
873.9559
873.7566
873.7566
874.4561
874.5964
870.4355
869.9743
871.5241
872.4957
872.0134
873.1701
873.7284
889.4687
889.4687
889.4687
886.2965
886.2965
886.2255
889.2311
888.3565
889.2202
889.2202
889.2202
889.2202
