20.58
20.31
19.86
19.63
19.45
19.63
19.5
19.14
19.03
19.21
19.51
19.48
19.83
19.62
19.19
19.5
19.88
20.06
19.76
19.68
20.38
20.2
20.19
19.72
19.6
19.51
19.51
19.51
19.47
19.08
18.83
18.32
18.04
17.91
17.94
17.98
17.87
18.18
18.13
17.96
17.8
17.76
17.97
18.3
18.34
18.08
18.22
18.43
18.24
18.44
18.59
18.41
18.41
18.2
18.07
18.18
18.51
18.81
19.45
19.63
19.35
19.48
19.66
20.23
20.01
20.09
20.14
20.14
20.1
19.53
19.31
19.43
19.44
19.46
19.25
18.83
18.46
18.25
17.69
17.59
17.61
17.53
17.64
17.85
18.14
17.89
17.8
17.69
17.95
17.92
17.95
18
18.12
18.41
18.71
18.75
18.57
18.14
18.18
18.25
18.18
18.07
18.03
18.22
17.99
18.36
18.54
18.36
18.14
18.24
18.35
18.43
18.53
18.54
18.63
18.82
18.94
18.89
19.35
19.4
19.32
19.04
18.76
18.54
18.76
18.8
19.16
19
18.89
19.11
19.12
18.73
18.73
18.65
18.3
18.33
18.57
18.49
18.51
18.42
18.55
18.36
18.51
18.51
18.35
18.4
18.46
18.35
18.24
18.5
18.62
18.45
18.47
18.63
18.76
18.63
19.02
19.31
19.6
19.91
19.84
20.29
20.86
21.22
20.7
20.86
20.89
20.74
20.28
20.08
19.7
19.79
20.12
19.83
19.83
20.19
20.25
20.16
20.19
19.74
19.7
19.96
20.15
20.15
19.78
19.6
19.6
19.74
19.64
19.62
19.65
19.79
20.02
19.59
19.43
19.27
18.86
18.87
19.03
19.09
18.75
18.73
18.83
18.3
18.26
18.05
18.12
18.15
18.25
18.08
17.66
17.38
17.57
17.4
17.26
17.47
17.68
17.79
17.43
17.35
17.35
17.35
17.33
17.03
16.73
16.73
16.67
16.54
16.14
15.83
15.65
15.82
15.75
15.29
15.58
15.43
15.4
15.46
15.82
15.65
15.36
14.95
14.9
15.27
15.87
16
16.44
16.24
15.73
15.47
15.14
15.19
15.35
15.28
15.18
14.96
14.56
14.9
14.81
14.48
14.61
15.01
14.8
14.17
13.93
13.94
14.23
14.1
14.2
14
14.06
14.04
13.73
13.25
13.15
13.14
12.87
13.01
12.32
12.29
12.83
13.49
13.23
15
14.78
14.65
15.39
15.48
15.32
14.34
14.2
14.25
14.45
14.15
13.71
13.79
13.79
13.79
14.12
13.73
13.48
14.6
14.69
14.44
14.53
14.33
14.19
14.04
14.11
14.35
14.45
14.37
14.37
14.91
14.76
14.55
14.58
14.67
14.84
14.96
14.98
14.7
14.69
14.39
14.38
14.13
13.93
13.93
14.08
14.03
14.21
14.03
14.28
14.24
14.2
13.98
14.45
14.68
14.34
13.8
13.33
13.11
12.94
12.12
12.81
13.13
12.97
12.99
13.13
13.76
13.75
13.34
13.2
13.25
13.36
13.44
13.6
13.55
13.21
12.94
13.02
13.16
13.03
12.78
12.97
13.15
12.83
13.09
12.75
12.68
12.73
12.82
12.78
13.08
13.18
13.06
13.13
13.1
13.1
12.72
12.64
12.63
12.69
12.51
11.9
11.85
12.06
12.08
12.34
12.27
12.29
12.5
12.48
12.46
12.64
12.55
12.2
12.2
12.39
12.44
12.51
12.96
13.38
13.24
13.07
12.95
13.16
13.21
13.01
12.96
13.42
13.5
13.96
14.34
14.35
14.61
14.6
14.72
14.48
14.42
14.65
14.34
14.14
14.16
14.03
13.91
13.5
13.34
13.31
13.19
12.93
12.66
13.2
12.8
12.37
12.83
12.88
12.87
13.09
13.1
13.05
13.15
13.04
13.31
12.96
12.76
12.68
12.46
12.29
12.01
12.23
12.43
12.41
12.05
11.75
11.48
11.72
11.63
11.54
11.3
11.09
10.96
11.13
10.82
10.36
10.28
10.44
10.31
10.28
10.22
10.12
9.83
9.79
10.12
10.25
11.09
11.07
10.22
9.86
10.07
10.19
10.19
10.19
10.21
10.47
10.51
10.51
10.91
10.96
10.78
11.09
11.59
11.68
12.1
11.8
11.16
11.17
10.89
10.82
10.91
10.69
10.97
11.14
10.97
10.73
10.86
10.98
11.31
11.04
10.85
10.93
10.67
10.51
10.41
10.19
10.22
10.08
10.45
10.46
10.23
10.16
10.32
10.48
10.52
10.92
11
11.09
10.93
10.77
10.83
11.21
11.42
11.57
11.72
11.67
12.28
12.28
12.66
12.63
12.67
13.15
13.62
13.51
13.68
13.82
13.75
13.65
14.31
14.72
14.86
14.86
14.86
14.86
14.76
14.95
14.59
14.35
14.79
14.88
15.05
14.99
15.24
15.53
15.92
15.85
15.96
16.06
16.02
15.74
15.74
16.33
16.42
16.42
16.59
16.77
16.9
16.72
16.3
16.4
16.1
15.57
16.06
16.21
15.88
15.38
15.11
15.2
15.48
15.42
15.22
15.53
15.5
15.5
15.22
14.72
14.72
14.94
15.24
15.97
15.98
15.96
16.16
16.37
16.6
16.46
16.63
16.73
16.69
16.43
16.26
16.51
16.63
16.67
16.64
16.7
17.32
17.63
17.59
18.1
18.17
18.03
18.5
18.22
18.6
18.98
19.14
19.16
19.24
19.23
18.92
18.39
18.65
19.2
19.42
19.19
19.37
19.64
19.72
19.37
19.43
19.65
19.86
20.02
20.28
20.47
20.56
20.51
20.72
20.84
20.49
20.68
20.89
21.08
21.08
20.83
20.21
20.24
20.24
20.68
21.28
20.96
20.95
21.15
21.38
21.6
22.21
22.85
22.98
23.51
23.54
23.54
22.95
22.88
22.83
22.69
22.92
23.67
23.8
23.99
23.87
24.02
23.6
23.74
23.16
22.86
22.86
22.17
20.96
21.05
21.66
22.32
22
22.31
22.3
21.96
21.85
22.15
22.87
23.03
22.75
22.73
22.14
22.14
22.07
22.23
22.3
22.66
22.97
23.2
23.61
24.32
24.22
24.09
24.88
24.48
24.95
24.66
24.83
25.79
25.57
25.66
25.69
25.4
25.11
24.22
23.9
24.55
25
25.49
25.51
25.03
25.42
24.64
24.53
25.02
25.56
26.05
25.41
25.39
25.4
24.98
24.91
24.98
24.98
25.12
25.51
25.51
25.51
25.15
24.35
24.09
23.79
23.34
23.4
24.04
24.75
25.02
25.52
25.69
26.05
25.99
26.13
26.65
26.35
26.42
26.48
25.94
25.83
25.8
26.57
26.31
26.46
26.76
26.92
26.72
26.71
27.35
27.77
28.45
27.39
27.35
26.84
26.75
26.1
26.19
26.81
27.32
27.75
27.57
28.07
28.77
29.08
29.2
29.51
31.02
29.64
29.37
29.11
29.01
28.71
27.86
27.36
26.93
25.91
25.7
25.57
25.69
26.04
25.83
25.83
25.83
24.6
24.6
24.73
23.98
23.68
23.46
23.1
21.93
21.8
22.45
22.86
22.92
22.32
23.02
23.51
23.51
23.51
23.85
23.67
23.25
23.51
23.51
23.98
24.74
25.26
25.16
25.27
25.73
26.45
26.49
27.08
27.83
28.09
28.65
28.04
28.94
28.83
28.02
27.57
28.14
28.9
28.9
29.18
29.28
28.87
29.3
29.33
28.77
28.68
28.7
29.24
29.28
30.59
31.28
31.17
31.08
28.82
28.08
28.52
29.36
30.08
30.56
30.38
30.13
30.43
30.64
30.97
31.04
30.04
29.19
29.74
29.81
29.27
29.17
29.7
30.16
29.83
28.85
29.04
29.1
28.83
27.93
27.39
27.08
26.92
27.13
27.31
27.18
27.05
27.7
28.06
29.02
28.95
28.84
29.84
29.84
30.95
31.19
31.92
32.51
30.41
30.72
30.91
30.61
30.87
30.69
30.69
30.85
31.35
31.75
31.93
32.85
32.24
32.92
33.74
34.55
33.24
33.55
33.13
32.01
32.16
33.56
33.56
34.22
34.11
33.25
32.28
30.39
30.51
30.65
29.92
29.9
30.69
31.1
30.56
29.78
30.15
30.76
31.59
32.26
33.93
33.93
32.5
31.2
31.66
31.3
31.35
31.82
32.08
31.94
32.01
31.36
30.99
30.99
31.41
30.88
30.82
30.94
31.53
31.51
31.72
32.16
32.63
33.17
34.05
33.01
33.13
33.67
33.25
33.09
33.39
33.34
33.2
32.66
32.56
32.59
30.96
30.21
29.19
27.94
27.96
26.95
27.1
27.35
26.78
25.41
25.41
26.55
25.43
24.55
23.63
23.63
23.63
23.69
24.23
23.8
23.8
23.92
24.53
24.86
25.28
25.6
25.34
24.53
25.04
25.73
25.98
26.23
26.17
25.13
25.2
26.36
26.85
26.52
26.32
26.37
26.74
26.85
26.68
26.64
27.14
28.4
28.77
28.4
29.08
29.49
29.85
28.91
28.45
27.72
27
27
27.34
27.06
26.67
26.59
26.49
25.92
25.92
25.97
25.62
26.07
26.44
26.77
26.56
26.88
26.48
25.98
25.62
24.99
24.3
25.23
24.96
24.85
24.88
24.91
25.21
25.59
25.68
25.43
24.86
24.8
24.58
24.5
24.95
25.45
25.24
25.24
25.92
26.58
26.58
26.58
27.26
27.77
27.24
27.12
26.66
26.59
26.75
26.55
27.18
27.81
28.09
28.04
27.76
27.83
27.83
28.21
27.94
27.96
28.41
28.34
28.24
28.23
28.26
28.41
29.1
29.66
29.52
29.35
28.98
28.98
28.64
29.17
29.23
29.28
29.04
29.32
29.31
28.97
28.63
28.96
29.64
29.36
29.38
29.44
28.39
27.58
27.01
26.76
26.34
26.65
26.89
27.04
26.23
25.4
26.18
25.9
25.4
25.69
25.8
26.45
26.33
26.03
25.64
25.07
25.14
24.74
25.17
24.46
24.45
24.62
25.08
25
25.3
25.33
25.17
25.1
24.92
25.04
25.77
25.93
25.79
26.22
26.16
25.72
26.09
26.12
26.04
25.98
26.01
26.15
24.89
25.39
25.72
25.92
25.79
26.04
26.24
26.6
26.34
26.43
26.67
26.51
26.32
26.85
27.44
27.6
28
28.44
28
29.41
29.02
28
26.68
26.48
25.98
23.32
22.49
22.46
22.99
23.35
22.86
22.56
21.78
22.2
22.39
21.9
21.95
22.27
22.59
21.98
21.83
21.87
21.42
20.86
21.21
21.4
21.26
21.26
21.4
21.38
21.36
21.14
21.14
20.2
19.69
19.61
19.26
19.34
20.12
21.18
20.73
20.64
19.66
17.55
17.53
17.52
18.62
18.96
19.75
19.28
19.08
18.88
18.71
18.67
18.85
19.42
19.72
19.73
18.96
18.63
18.36
18.08
18.22
18.15
18.54
19.12
19.26
19.54
19.46
19.85
19.85
19.85
19.45
20.38
20.57
20.57
19.99
20.47
20.93
21.63
22.05
21.91
21.31
20.88
20.99
20.27
19.93
19.42
18.93
18.69
18.74
18.96
19.2
19.3
19.43
19.72
19.4
18.96
19.17
19.68
19.67
19.65
19.47
19.24
19.84
20.31
20.95
21.02
21.12
20.99
20.74
20.51
20.2
20.37
20.49
20.3
20.53
20.98
21.32
21.8
21.99
22.57
22.82
23.32
23.14
23.44
23.75
24
24.05
24.65
24.7
25.11
24.94
25
25.43
25.12
25.18
25.6
25.6
25.6
26.05
27.09
27.3
27.37
26.74
27
26.37
26.19
25.32
24.46
24.62
24.64
25.32
25.8
25.7
26.09
26.05
25.82
25.89
26.03
26.34
26.65
26.09
25.46
25.46
25.59
25.27
25.92
26.07
26.4
26.2
27.05
27.02
26.37
26.34
26.48
26.05
25.68
25.48
25.26
25.12
24.98
24.74
24.44
24.44
24.44
24.49
24.17
24.26
24.07
23.81
23.47
23.6
24
24.82
25.25
24.92
24.87
24.85
24.86
25.13
25.42
25.06
25.45
25.53
25.58
25.78
25.77
25.69
25.62
25.31
25.01
25.72
25.32
26.27
26.5
26.3
26.39
26.29
26.13
25.73
25.48
25.31
25.27
25.07
25
25.57
25.79
25.36
25.03
25.05
25.24
25.2
25.06
25.25
25.59
26.09
26.48
26.72
26.83
27.1
27.21
27.28
27.26
27.26
26.93
27.58
27.02
27.1
27.37
26.57
26.94
26.99
27.49
28.4
28.44
28.68
28.55
28.07
28.26
28.44
27.86
28.33
28.36
28.49
29.04
29.38
29
29.01
28.9
28.98
29.01
29.04
28.79
28.29
28.33
28.07
28.14
27.64
28.06
28.22
28.48
28.55
27.9
27.93
27.16
26.49
26.64
26.69
26.18
25.59
25.61
25.46
25.61
25.72
25.24
24.72
24.02
23.98
23.67
24.01
23.94
23.42
22.94
23.26
23.88
24.39
24.4
24.87
25.05
25.09
24.84
25.28
25.18
25.12
25.45
25.9
25.53
25.64
25.71
25.84
25.96
26.47
26.66
27.28
28.38
27.83
28.25
28.83
28.38
29.38
29.38
29.38
29.77
30.2
30.15
30.15
28.86
29.5
30.25
30.47
29.64
29
29.34
29.87
29.85
30.38
31.04
31.65
30.45
30.75
30.62
30.58
30.2
30.14
30.45
30.3
30.68
31.08
31.21
30.76
30.67
31.37
31.52
32.04
32.22
32.08
32.55
33.08
32.42
31.94
32.25
32.39
32.06
32.07
32.83
33.17
33.3
33.37
33.07
32.35
33.05
33.24
33.6
33.96
34.26
33.81
33.54
33.4
31.52
29.74
27.55
27.51
25.62
24.88
25.21
25.94
25.5
26.52
27.14
27.3
26.84
25.48
25.46
24.8
24.18
24.67
24.99
24.91
24.28
24.62
24.95
24.95
24.95
25.11
25.47
25.73
24.91
24.28
24.3
23.61
23.27
23.74
23.98
23.98
23.93
23.87
23.81
24.36
25.17
25.43
25.39
26.32
26.77
25.92
26.12
25.65
26.15
26.05
26.05
26.3
26.41
26.01
25.84
26.38
27.05
27.35
27.03
27.03
27.71
27.77
27.96
28.07
28.11
27.38
26.57
26.65
26.28
26.22
26.83
27.06
26.83
27.17
27.46
27.27
27.91
28.12
28.15
28.42
27.87
27.68
27.69
28.35
28.89
29.13
29.07
29.04
28.72
28.62
28.8
28.65
28.12
27.73
27.91
28.11
27.77
28.03
28.22
28.56
29.09
29.74
29.99
30.03
30
30.26
29.99
29.94
29.68
28.84
29.1
29.13
28.71
28.68
29.39
29.39
29.7
29.71
29.56
29.51
29.68
29.32
28.39
27.79
27.52
27.27
27.44
27.35
27.55
27.41
26.86
26.77
26.28
25.95
25.56
25.6
25.54
25.82
26.41
27.05
26.76
27.12
27.35
27.77
28.11
28.52
29.1
28.89
28.85
29.41
30.59
30.74
30.79
30.84
31.14
29.55
28.59
28.82
28.68
28.55
29
28.61
28.27
28.07
27.28
27.52
27.81
27.31
27.82
28.58
28.84
29.27
29.07
29.16
29.29
29.51
29.18
29.43
30.04
29.78
29.65
28.56
28.02
28.35
28.63
28.67
28.09
28.78
28.94
29.3
29.08
29.54
29.87
29.89
29.62
29.98
30.03
30.4
30.45
30.75
30.68
29.57
28.93
28.93
28.93
29.18
29.36
29.78
29.78
29.97
29.83
30.73
31.01
30.82
30.94
31.63
31.49
32.01
31.36
31.62
30.01
30.67
31.18
31.11
31.01
31.19
30.45
30.5
30.19
29.59
29.4
29.44
30
29.46
29.02
29.35
29.2
29.74
29.95
30.05
30.37
30.58
30.7
31.26
31.06
31.07
30.86
31.1
31.33
31.74
31.9
32.82
33.32
32.7
32.72
33.45
33.39
32.85
32.34
32.63
32.67
33.11
33.47
33.17
33.29
33.22
32.91
33.18
33.34
32.42
32.09
31.67
32.25
32.34
31.66
30.87
30.68
30.98
31.91
31.91
31.91
33.73
33.56
33.15
33.15
33.78
33.82
33.23
32.8
33.07
33.38
33.69
34.11
34.24
34.3
34.3
34.95
35.68
36.26
37
37.11
36.13
36.57
37.77
38.26
38.78
38.19
37.4
37.3
38.06
37
37.47
37.75
37.51
36.64
36.64
36.65
38.67
38.08
36.96
36.01
35.66
35.9
35.22
35.78
35.77
35.59
35.32
35.26
35.91
36.31
35.83
35.58
35.48
35.32
35.08
34.15
33.45
33.78
35.16
35.98
36.42
36.96
36.84
37.23
37.5
37.22
36.5
37.29
38.21
38.02
38.02
37.84
37.5
37.78
38.29
38.37
38.56
39.32
39.29
39.92
39.99
40.48
40.68
40.74
41.16
41.19
41.48
41.52
42.11
42.92
43.64
42.76
43.27
43.86
44.64
43.68
42.82
42.19
40.56
40.56
40.82
39.74
40.73
42
41.59
41.01
40.59
40.69
41.12
42.03
40.97
41.84
41.8
40.79
41.73
42.77
43.27
44.1
45.1
45.13
46.04
46.51
46.22
46.3
46.34
46.22
46.95
47.59
48.7
49.15
50.34
50.88
49.3
50.77
50.06
49.6
48.51
49.74
50.89
51.28
51.38
50.84
50.86
48.92
48.49
48.48
46.95
47.05
47.07
46.11
45.95
44.86
44.93
43.89
42.89
40.48
42.98
42.16
42.77
43.81
45.06
44.64
44.5
45.22
44.89
45.43
45.83
44.18
40.8
39.55
39.81
38.87
38.25
39.45
39.33
37.56
37.38
40.5
41.41
42.2
42.61
42.34
41.58
40.53
40.53
40.53
40.27
38.93
39.9
39.9
40.43
39.83
40.72
41.32
42.93
43.84
43.11
43.45
43.68
45.19
45.06
45.66
45.04
44.13
45.14
46.13
46.24
46.73
46.9
45.63
45.53
45.42
44.58
43.76
44.21
43.45
42.87
43.09
44.03
44.87
45.45
45.59
45.59
46.36
46.16
46.93
47.86
48.52
49.32
49.32
50.11
50.02
50.52
51.85
51.84
51.61
52.22
53.4
53.16
52.66
53.21
53.76
54.79
55.59
55.41
55.71
55.49
53.59
53.59
53.59
53.76
53.15
52.72
53.75
55.26
56.98
55.87
55.18
55.36
53.16
52.25
52.81
51.04
50.93
51.59
50.83
51.94
53.52
53.52
54.76
55.15
54.05
53.5
52.12
52.12
52.06
51.33
50.93
51.36
51.44
51.11
51.72
50.77
49.03
48.54
48.09
49.25
49.09
48.13
48.23
48.05
48.46
49.41
50.25
50.25
50.5
50.44
51.75
52.83
53.27
53.97
53.26
52.46
52.65
53.37
53.17
54.1
54.44
55.51
57.12
58.03
57.91
57.13
57.21
58.13
58.94
58.23
56.52
55.84
56.87
57.75
58.19
59
58.84
59.52
57.13
58.35
58.79
57.21
57.48
57.18
57.11
57.33
56.01
56.95
57.38
57.91
58.1
58.37
59.34
60.18
60.13
60.59
60.43
60.79
62.01
62.41
63.09
64.67
66.08
66.17
65.32
64.08
62.48
63.76
64.64
64.72
65.27
65.96
65.96
66.06
66.93
67.34
67.52
66.91
64.77
65.26
64.02
63.19
63.52
62.17
61.99
62.44
63.11
61.85
63.87
64.38
65.19
65.32
63.32
62.58
63.37
63.27
63.77
63.37
63.24
61.49
60.91
58.77
58.84
58.78
59.47
60.36
60.37
59.34
60.61
59.53
58.97
58.09
57.57
57.77
58.78
59.77
59.18
59.37
58.38
58.12
58.22
59.31
59.84
58.37
57.82
57.4
56.07
54.97
55.22
54.13
55.3
55.92
54.98
55.56
56.32
56.08
55.65
55.18
55.14
54.68
54.45
55.23
56.78
57.82
57.43
57.65
57.75
58.55
58.51
59.54
59.74
59.89
58.37
56.9
56.4
56.43
57.17
57.17
56.45
56.18
56.95
57.63
57.63
58.16
60.37
61.05
61.62
62.24
62.71
62.18
61.87
63.02
62.56
62.92
64.28
65
64.73
66.11
66.15
65.64
64.69
64.71
65.99
66.15
66.14
65.85
64.24
63.18
63.96
62.46
61.5
61.37
60.53
59.55
60.27
59.46
58.76
59.92
61.48
61.53
60.91
60.91
61.97
61.58
61.26
62.41
63.5
64.27
63.35
62.01
60.65
60.79
61.13
61.49
62.92
63.63
62.82
63.97
62.71
61.62
62.24
62.44
63.33
63.35
64.49
65.16
66.22
66.43
67.29
66.37
66.83
67.91
67.24
68.36
69.41
69.59
69.59
69.88
71.22
71.99
72.92
73.6
73.45
73.92
73.48
73.12
71.4
71.4
73.13
74.4
74.19
71.71
71.09
70.16
70.93
71.41
73.36
72.86
70.43
70.35
69.97
69.07
69.31
68.43
70.54
70.21
69.96
69.96
70.9
71.5
70.33
69.92
70.33
71.92
70.61
69.88
68.34
69.85
70.02
67.53
67.01
67.48
68.39
68.17
68.63
68.41
70
69.99
70.17
71.39
71.47
72.44
73.18
73.89
73.25
73.31
73.89
74.44
72.91
73.57
74.04
75.96
77.25
76.86
76.28
73.99
74.22
74.11
73.58
74.45
73.92
75.07
74.24
74.36
75.74
76.91
76.6
76.82
77.86
78.15
78.09
76.34
75.97
74.5
74.07
73.19
71.8
72.37
73.51
73.53
72.53
72.26
73.53
71.26
70.38
70.03
70.34
70.03
68.14
68.09
67.35
66.89
66.19
64.49
64.16
63.18
63.18
63.21
63.6
63.87
61.21
60.95
61.34
59.86
60.43
60.9
62.57
62.06
61.72
59.25
58.77
60.13
59.28
60.72
59.89
59.2
58.64
59.65
59.99
61.86
60.48
60
60.57
58.89
59.32
60.73
61.46
60.74
59.59
58.42
58.66
58.25
58.29
58.97
59.16
58.8
60.66
60.24
59.12
59.2
59.46
60.4
58.28
58.58
59.61
59.72
59.08
59.87
59.94
61.02
62.05
63.79
61.14
63.87
63.7
63.36
63.06
63.38
62.14
62.05
61.43
62.13
63.31
62.92
61.99
63.24
62.78
62.78
62.74
62.25
61.07
60.79
60.79
60.49
60.86
59.22
56.84
55.11
55.98
54.39
54.29
53.05
52.39
53.14
52.08
51.79
52.36
52.49
53.62
53.75
54.87
55.19
54.72
54.7
54.72
56.4
57.1
57.39
58.45
58.7
58.46
57.67
58.54
57.21
57.02
57.55
57.43
57.9
58.5
57.61
58.21
59.56
61.08
61.24
61.08
61.07
62.06
62.17
60.69
61.04
61.85
62.3
61.85
60.82
61.43
60.97
60.95
60.72
60.41
60.51
60.69
62.03
63.08
64.13
64.26
65.88
66.7
68.28
68.51
68.09
67.85
67.85
68.47
67.93
66.97
67.98
68.61
68.96
68.41
67.16
65.56
66.38
66.43
67.49
68.16
68.08
68.2
67.76
68.1
67.85
66.79
66.38
66.38
64.72
65.03
65.47
65.79
66.51
67.09
66.96
68.04
69.17
69.77
70.07
70.1
70.16
71.27
70.87
69.84
69.16
67.88
67.8
68.22
69.7
70.43
70.74
71.23
70.03
69.03
69.08
69.2
70.92
71.1
71.53
71.94
70.98
70.96
70.6
70.42
70.57
70.14
70.77
71.26
71.57
72.58
72.77
74.06
75.4
75.66
75.75
75.93
76.37
77.17
77.32
76.1
76.15
77.39
77.77
77.1
75.57
75.21
76.62
75.92
75.96
76.52
76.41
75.42
75.43
72.87
71.45
71.26
70.41
69.79
71.02
70.37
71.29
69.41
70.51
69.93
69.46
68.91
69.56
70.2
70.42
70.88
71.26
72.1
72.6
73.36
73.56
74.17
75.01
74.82
74.57
75.67
76.84
77.36
76.77
76.29
77.06
78.25
78.41
79.35
78.84
78.05
77.7
78.84
80.19
78.46
76.91
77.62
77.54
78.82
77.66
76.77
77.7
79.93
80.28
81.97
84.16
83.59
83.79
84.22
82.9
83.26
83.42
86.18
88.47
89.74
88.81
89.06
90.36
91.15
90.93
92.7
94.31
93.95
92.86
92.05
90.19
90.2
90.88
91.29
92.14
94.05
95.45
94.93
94.92
95.55
93.56
91.99
91.37
88.64
88.22
89.67
90.32
88.32
89.54
88.68
88.77
91.52
93.25
92.68
91.17
91.59
90.93
91.51
91.56
91.56
92.06
93.89
94.44
94.92
94.92
94.3
96.37
97.95
97.2
95.82
95.7
95.6
93.01
91.72
92.35
91.87
89.73
89.62
89.49
87.84
87.15
87.28
87.98
90.52
90.37
91.82
92.39
91.58
91.12
89.78
89.2
88.61
87.86
90.18
92.61
93.03
93.22
95.14
95.25
95.03
97.13
97.61
97.52
96.82
97.41
98.27
99.17
99.42
100.49
100.6
99.59
99.57
102.07
102.67
102.9
104.94
105.58
105.58
107.44
104.01
104.38
102.73
102.73
99.4
100.11
100.16
102.69
104.74
104.17
103.18
100.09
101.16
102.74
103.75
106.33
106.54
107.07
108.66
108.34
109.07
111.19
111.88
112.58
112.34
114.02
115.04
115.7
115.32
115.81
116.79
114.78
112.75
110.61
112.51
116.49
119.22
120.88
121.99
124.78
123.84
122.48
122.41
120.98
124.79
124.75
126.2
129.91
132.73
132.07
132.51
130.41
127.84
128.87
127.5
127.23
126.51
122.97
123.68
132.58
135.04
134.31
133.62
133.43
134.32
135.92
133.41
134.01
134.6
134.5
135.92
136.59
135.26
136.85
140.91
141.71
142.13
142.29
145.65
145.03
142.49
138.31
137.54
138.45
145.49
143.58
142.09
136.18
134.52
131.87
131.74
130.92
127.1
125.62
125.74
125.78
124.16
123.43
125.39
123.44
123.1
117.95
117.22
118.15
114.89
113.35
111.4
111.99
112.71
111.88
112.32
111.62
113.38
117.76
117.42
114.12
113.68
115.74
116.23
115.02
111.5
106.95
106.88
107.18
104.74
104.26
101.3
99.87
98.24
98.11
92.15
89.99
91.87
95.09
97.7
103.21
103.66
104.16
101.82
102.24
97.83
96.22
96.31
92.38
90.39
85.94
84.98
82.83
83.46
76.12
76.9
77.67
71.53
66.28
68.26
70.72
69.9
65.99
65.75
61.8
60.67
61.18
64.29
63.95
62.25
62.64
62.6
63.25
59.1
58.01
59.41
56.16
53.89
51.99
54.58
53.11
51.83
51.4
49.19
48.87
51.24
51.5
52.23
53.09
52.49
49.65
47.22
45.34
43.84
40.93
41.99
42.15
42.24
44.93
44.44
47.31
43.86
46.26
44.9
43.42
42.78
40.6
40.6
37.88
37.88
40.05
39.53
39.53
40.15
44.27
47.59
50.77
48.96
45.47
44.16
42.71
43.83
45.14
44.59
47.58
44.85
44.17
44
44.97
45.25
48
45.27
44.48
44.8
45.99
44.47
44.27
44.5
45.04
45.5
46.94
46.67
44.82
44.52
45.54
44.37
42.34
40.71
41.12
41
42.27
41.55
43.03
45.57
45.67
43.81
43.46
45.57
44.82
44.39
44.56
44.99
43.26
42.95
45.37
43.78
47.09
47.59
50.1
50.64
52.56
52.86
52.11
52.96
52.03
49.84
48.84
48.05
51.9
52.73
52.89
51.56
51.23
51.23
53.31
52.22
52.69
51.72
53.12
53.26
50.87
49.8
49.81
50.01
51.16
49.51
49.33
50.73
50.91
51.35
53.45
54.25
55.08
57.18
57.5
56.94
57.97
57.93
56.69
57.36
57.59
58.77
59.81
59.35
60.35
60.11
59.77
62
63.32
65.49
67.34
67.8
67.17
67.87
68.52
67.87
69.16
70.63
71.54
70.84
69.42
71.31
70.09
70.76
70.98
67.49
67.3
68.49
69.26
69.6
69.99
70.11
70.02
67.07
66.12
63.9
63.82
61.88
61.05
60.14
60.26
61.37
62.31
62.31