c(0.0278755267893068, 0.0163268815897525, 0.0160419773465458, 
0.0728301780062739, 0.0391297713237102, 0.072527198608362, 0.0686808888968727, 
0.0611928897811262, 0.079108474517663, 0.0935804193429294, 0.0617061041921388, 
0.072415884268376, 0.0653033390373403, 0.080261085078429, 0.100314346657411, 
0.160680699035406, 0.169211604424901, 0.165069534868018, 0.135214945539204, 
0.187020235510278, 0.209395860958008, 1716.65671349444, 1634.51606845456, 
1557.18345788513, 1484.20199632064, 1415.17617847892, 1349.76162982188, 
1287.65688209696, 1228.59671689234, 1172.34673533876, 1118.69889538775, 
1067.46781910362, 1018.48771759169, 971.60981499823, 926.700178568357, 
883.637881230293, 842.313438155873, 802.627470360685, 764.489557477081, 
0, 0, 0, 0, 0, 0, 0, 0, 0, 0, 0, 0, 0, 0, 0, 0, 0, 0, 0, 0, 0, 
0, 0, 0, 0, 0, 0, 0, 0, 0, 0, 0, 0, 0, 0, 0, 0, 0, 0, 0, 0, 0, 
0, 0, 0, 0, 0, 0, 0, 0, 0, 0, 0, 0, 0, 0, 0, 0, 0, 0)
