1.612
1.618
1.6353
1.6355
1.634
1.6262
1.6295
1.6173
1.6137
1.6143
1.6143
1.603
1.6037
1.607
1.5985
1.5965
1.6015
1.5887
1.59
1.598
1.5938
1.6037
1.6195
1.6193
1.6291
1.631
1.631
1.6395
1.65278
1.644
1.6447
1.6345
1.6277
1.626
1.62
1.623
1.628
1.62
1.621
1.6248
1.6295
1.633
1.6359
1.6346
1.623
1.626
1.6245
1.6247
1.6247
1.6245
1.6227
1.622
1.6223
1.6333
1.6135
1.62
1.6227
1.6235
1.6335
1.647
1.6427
1.6363
1.64
1.657
1.645
1.624
1.636
1.636
1.6315
1.6407
1.6403
1.6405
1.6357
1.6347
1.6332
1.6345
1.632
1.638
1.6385
1.638
1.632
1.637
1.6372
1.6393
1.6383
1.6485
1.6565
1.6725
1.6685
1.6633
1.665
1.6645
1.6645
1.6587
1.6755
1.6915
1.6915
1.6903
1.6885
1.6885
1.6885
1.692
1.688
1.6795
1.6787
1.6727
1.6805
1.6787
1.6805
1.6795
1.6742
1.665
1.632
1.6275
1.629
1.641
1.6305
1.63
1.6245
1.6022
1.59
1.5875
1.59
1.5787
1.5835
1.591
1.6093
1.606
1.606
1.5935
1.592
1.6105
1.6065
1.6125
1.6135
1.6185
1.62
1.62
1.5915
1.5855
1.5837
1.594
1.5827
1.5895
1.5866
1.5997
1.6075
1.6063
1.5955
1.6015
1.6115
1.6115
1.604
1.614
1.6138
1.6285
1.608
1.61
1.6185
1.6154
1.6159
1.616
1.616
1.6225
1.622
1.6244
1.6215
1.6243
1.622
1.6233
1.618
1.6181
1.6334
1.6354
1.6318
1.6327
1.634
1.663
1.6675
1.672
1.6705
1.6743
1.6757
1.6847
1.6815
1.6905
1.69
1.6975
1.7046
1.7045
1.698
1.6922
1.6947
1.691
1.691
1.6882
1.6933
1.691
1.6777
1.6736
1.6736
1.6877
1.6855
1.681
1.684
1.6665
1.659
1.6477
1.652
1.6504
1.6573
1.651
1.6335
1.6355
1.6512
1.6663
1.67
1.6635
1.668
1.669
1.669
1.6788
1.6718
1.656
1.6508
1.6508
1.6407
1.63
1.6245
1.6256
1.6125
1.613
1.6215
1.635
1.6295
1.6295
1.6342
1.6365
1.627
1.6312
1.648
1.673
1.656
1.6443
1.6425
1.639
1.6335
1.639
1.6467
1.657
1.6547
1.6435
1.6297
1.6255
1.6325
1.6405
1.6403
1.6403
1.633
1.638
1.6372
1.638
1.646
1.6504
1.6427
1.6455
1.6443
1.6463
1.6515
1.6467
1.633
1.6345
1.638
1.6407
1.6483
1.6558
1.671
1.6685
1.6743
1.6718
1.667
1.669
1.6787
1.675
1.6742
1.6855
1.683
1.6777
1.6713
1.6715
1.6635
1.6578
1.6663
1.6677
1.6763
1.6707
1.6717
1.6681
1.685
1.6855
1.6913
1.6845
1.6759
1.6748
1.6717
1.6717
1.668
1.6745
1.6675
1.6697
1.6708
1.666
1.6662
1.663
1.6585
1.6485
1.6355
1.6293
1.6327
1.632
1.6225
1.6262
1.622
1.6217
1.633
1.6305
1.6305
1.6305
1.6363
1.6313
1.62771
1.6323
1.641
1.6385
1.6393
1.6367
1.6347
1.634
1.6368
1.6295
1.6275
1.6335
1.635
1.6515
1.669
1.672
1.672
1.673
1.6673
1.6683
1.6713
1.6615
1.6665
1.6677
1.6603
1.6593
1.6593
1.6375
1.6382
1.6368
1.632
1.633
1.641
1.6348
1.635
1.64
1.645
1.6477
1.6435
1.6435
1.6513
1.6595
1.6575
1.648
1.6422
1.6365
1.633
1.6267
1.6375
1.6365
1.6358
1.6295
1.6353
1.6325
1.6265
1.623
1.6175
1.616
1.6166
1.6235
1.6315
1.6365
1.6407
1.6395
1.6377
1.6543
1.681
1.6801
1.6757
1.67
1.6746
1.6706
1.6706
1.6568
1.668
1.6903
1.6728
1.678
1.677
1.6785
1.6813
1.6813
1.6805
1.6845
1.6863
1.697
1.6963
1.7063
1.7085
1.7
1.7055
1.7
1.683
1.683
1.7051
1.711
1.7065
1.6907
1.7059
1.7043
1.706
1.7017
1.7
1.7115
1.697
1.695
1.6893
1.6642
1.6765
1.674
1.676
1.6542
1.664
1.6595
1.66
1.6618
1.6615
1.6633
1.6593
1.663
1.6603
1.6642
1.675
1.6765
1.6695
1.666
1.6566
1.6573
1.66
1.6605
1.6605
1.6543
1.6495
1.654
1.6675
1.6643
1.6643
1.6517
1.658
1.6552
1.6708
1.6887
1.6929
1.6844
1.6702
1.6733
1.681
1.6843
1.68
1.6783
1.6723
1.6723
1.6762
1.6827
1.6604
1.6595
1.6595
1.6575
1.6548
1.6548
1.6508
1.6427
1.6293
1.6309
1.648
1.6569
1.6515
1.6532
1.656
1.6458
1.6515
1.6565
1.657
1.6598
1.646
1.6495
1.6452
1.6415
1.629
1.6353
1.6451
1.6317
1.64
1.6375
1.6273
1.6228
1.6335
1.6335
1.6342
1.635
1.6355
1.6227
1.6273
1.615
1.596
1.6041
1.603
1.6088
1.616
1.6138
1.6098
1.6067
1.608
1.6188
1.6265
1.6364
1.6325
1.623
1.6292
1.63
1.6296
1.628
1.6278
1.6382
1.6348
1.6235
1.6226
1.61525
1.6116
1.61186
1.60308
1.6036
1.5995
1.592
1.596
1.6067
1.608
1.6135
1.6158
1.6135
1.6093
1.6136
1.6108
1.6106
1.6066
1.6163
1.6157
1.6118
1.6178
1.6145
1.6183
1.609
1.6094
1.6285
1.6369
1.64
1.6305
1.625
1.6234
1.61786
1.6208
1.6203
1.6185
1.6205
1.6182
1.6077
1.6012
1.5977
1.6043
1.5948
1.5981
1.6013
1.6013
1.6118
1.6041
1.6062
1.6202
1.5988
1.6055
1.6035
1.6052
1.6173
1.6073
1.5942
1.5878
1.5932
1.5963
1.5918
1.5911
1.5805
1.5882
1.5858
1.5832
1.5727
1.5773
1.5735
1.5765
1.5765
1.5683
1.57
1.5594
1.5502
1.5577
1.557
1.5635
1.565
1.5623
1.58
1.5701
1.5795
1.5815
1.578
1.5903
1.5902
1.597
1.6173
1.6227
1.6177
1.6205
1.6217
1.6131
1.61
1.6065
1.6145
1.6125
1.6107
1.6053
1.6013
1.6039
1.6027
1.6175
1.613
1.6015
1.594
1.5848
1.5875
1.588
1.5895
1.6055
1.6043
1.6075
1.602
1.602
1.6042
1.6185
1.6354
1.6186
1.6079
1.6075
1.6143
1.6225
1.6236
1.6202
1.6327
1.629
1.6459
1.6422
1.6451
1.6487
1.6446
1.6471
1.655
1.6553
1.6557
1.6548
1.6517
1.6517
1.6517
1.6573
1.6564
1.6634
1.67
1.6681
1.6721
1.6631
1.6754
1.6567
1.664
1.6526
1.6463
1.6376
1.6453
1.643
1.6453
1.6431
1.6225
1.6193
1.6197
1.6238
1.6292
1.623
1.6159
1.6215
1.618
1.6248
1.6163
1.6194
1.6203
1.6254
1.6084
1.6084
1.6073
1.6059
1.5984
1.6011
1.6007
1.6016
1.6203
1.625
1.628
1.6239
1.6215
1.6243
1.6115
1.6052
1.6106
1.6051
1.6061
1.6126
1.6081
1.6165
1.6165
1.6172
1.6148
1.6175
1.6157
1.6153
1.6371
1.637
1.6425
1.6468
1.6387
1.6373
1.6478
1.6478
1.647
1.6348
1.632
1.6377
1.6442
1.6549
1.6493
1.651
1.645
1.6388
1.639
1.6191
1.6155
1.6145
1.6083
1.5973
1.5915
1.5972
1.6125
1.617
1.6092
1.5931
1.5873
1.5962
1.608
1.6085
1.6015
1.6015
1.6123
1.6039
1.6004
1.5949
1.5952
1.5786
1.5865
1.5763
1.5784
1.5741
1.5797
1.5813
1.5814
1.5767
1.5797
1.577
1.5733
1.5762
1.5735
1.569
1.573
1.5782
1.5871
1.5935
1.5871
1.5888
1.5929
1.59591
1.5913
1.5985
1.5976
1.5837
1.5805
1.5797
1.5845
1.5858
1.5879
1.5881
1.587
1.581
1.579
1.5821
1.57978
1.578
1.5779
1.5814
1.5756
1.5735
1.5534
1.5528
1.5593
1.562
1.5416
1.5277
1.5322
1.5314
1.5107
1.5049
1.5169
1.5065
1.4948
1.4942
1.4826
1.4891
1.494
1.4775
1.4772
1.472
1.4912
1.4912
1.4953
1.5008
1.4948
1.5078
1.5192
1.529
1.5223
1.5099
1.509
1.5124
1.5084
1.4995
1.5137
1.5145
1.5141
1.5123
1.4971
1.5112
1.5032
1.4995
1.5002
1.5109
1.5193
1.5173
1.5138
1.5155
1.5118
1.5109
1.5132
1.5139
1.5143
1.5065
1.5005
1.4993
1.4927
1.4958
1.4947
1.5103
1.5183
1.5146
1.5191
1.5161
1.5118
1.5035
1.499
1.4922
1.4937
1.495
1.5051
1.5073
1.5027
1.4996
1.4981
1.5014
1.5062
1.5062
1.4999
1.4989
1.4893
1.4909
1.4805
1.4817
1.4806
1.471
1.4717
1.4615
1.4559
1.4513
1.4644
1.4587
1.4517
1.4445
1.4387
1.419
1.4113
1.4032
1.4125
1.4061
1.3987
1.4014
1.4081
1.4107
1.4367
1.4579
1.4535
1.4592
1.4611
1.4638
1.4764
1.4675
1.4567
1.4561
1.4501
1.4458
1.4465
1.4509
1.4606
1.4743
1.4501
1.4461
1.4511
1.4429
1.4463
1.4509
1.4515
1.4501
1.4499
1.4352
1.4547
1.4512
1.4497
1.452
1.4459
1.4489
1.4271
1.4343
1.425
1.4329
1.4267
1.4381
1.4313
1.4273
1.4235
1.4233
1.4234
1.4183
1.4068
1.4068
1.3998
1.4175
1.4163
1.4229
1.4265
1.44165
1.451
1.43385
1.44345
1.44475
1.4453
1.4563
1.44845
1.4569
1.45645
1.45645
1.47565
1.4653
1.47855
1.47345
1.48185
1.48185
1.48185
1.48185
1.48185
1.496
1.496
1.49985
1.48995
1.50155
1.50205
1.4971
1.4901
1.48675
1.4983
1.47765
1.47755
1.47175
1.4737
1.47245
1.46295
1.4662
1.4672
1.4548
1.45995
1.46155
1.4589
1.462
1.4644
1.4787
1.469
1.4741
1.4598
1.4533
1.4451
1.4446
1.4535
1.4519
1.4551
1.4488
1.4483
1.4483
1.44635
1.4426
1.4451
1.455
1.4444
1.4441
1.4448
1.455
1.4676
1.4665
1.4677
1.46125
1.4691
1.4697
1.4646
1.4498
1.4443
1.4354
1.4326
1.4252
1.4287
1.4297
1.4213
1.4252
1.4345
1.43325
1.43765
1.4273
1.4165
1.41845
1.43305
1.4322
1.4275
1.4398
1.44345
1.4336
1.43635
1.43945
1.43945
1.43945
1.432
1.42805
1.44675
1.4412
1.43765
1.43445
1.44135
1.44185
1.4386
1.4332
1.4347
1.4333
1.43575
1.4393
1.4403
1.42565
1.42295
1.42295
1.41995
1.41875
1.42405
1.4307
1.4323
1.4395
1.43965
1.42775
1.4193
1.40765
1.4225
1.42035
1.4232
1.4263
1.4186
1.4175
1.4143
1.414
1.39085
1.39205
1.3785
1.3733
1.3726
1.39135
1.40205
1.4031
1.40365
1.4011
1.39625
1.41555
1.4133
1.41255
1.41205
1.41725
1.4083
1.4163
1.417
1.40735
1.40735
1.4033
1.412
1.409
1.4117
1.4078
1.4073
1.4045
1.39955
1.40085
1.4215
1.4296
1.428
1.4205
1.421
1.4272
1.4273
1.4237
1.4261
1.42525
1.4342
1.4314
1.4293
1.4184
1.4166
1.41635
1.4256
1.4231
1.4243
1.42985
1.44105
1.44495
1.44635
1.44435
1.44935
1.45775
1.4475
1.4475
1.4434
1.4533
1.4508
1.4572
1.4542
1.4542
1.4442
1.4572
1.457
1.461
1.45645
1.47545
1.46775
1.4713
1.4713
1.4653
1.46505
1.4682
1.466
1.4568
1.4631
1.4707
1.4748
1.47445
1.4744
1.4788
1.4684
1.4769
1.4765
1.4842
1.4742
1.458
1.4514
1.44505
1.452
1.4483
1.44895
1.4469
1.444
1.4331
1.4246
1.4258
1.4286
1.4265
1.4365
1.4556
1.4514
1.4547
1.46295
1.4627
1.4584
1.4584
1.4624
1.46405
1.45635
1.45415
1.4412
1.4417
1.4319
1.43105
1.41295
1.4196
1.4166
1.4166
1.4093
1.4128
1.415
1.4257
1.4266
1.4242
1.42395
1.42325
1.4165
1.42115
1.4338
1.4354
1.4394
1.4459
1.4406
1.4545
1.4595
1.4572
1.4507
1.4494
1.4411
1.4419
1.4419
1.4504
1.4509
1.4513
1.45565
1.45565
1.44665
1.439
1.4473
1.4404
1.43865
1.4376
1.4384
1.4492
1.44905
1.44435
1.43835
1.43555
1.4383
1.4359
1.429
1.4244
1.4256
1.4082
1.4089
1.4139
1.4148
1.4105
1.41615
1.4227
1.4156
1.41205
1.41425
1.4151
1.4219
1.43255
1.4285
1.4308
1.4325
1.4325
1.4316
1.4273
1.4264
1.4334
1.4252
1.41645
1.4192
1.4167
1.419
1.423
1.4237
1.42265
1.4279
1.423
1.4195
1.4157
1.41435
1.4203
1.4247
1.4264
1.4233
1.4314
1.42675
1.426
1.426
1.4258
1.4245
1.4255
1.4259
1.4406
1.4362
1.4359
1.43415
1.4328
1.4309
1.4373
1.43615
1.4383
1.43615
1.4371
1.44
1.44595
1.4475
1.44755
1.4509
1.4473
1.44955
1.455
1.4583
1.4587
1.4576
1.4651
1.46285
1.4691
1.4683
1.467
1.4559
1.46025
1.4641
1.4577
1.45
1.4606
1.4561
1.4575
1.4587
1.4592
1.45935
1.45465
1.4581
1.4561
1.4591
1.4628
1.4643
1.45425
1.4636
1.4588
1.4596
1.46
1.4599
1.4598
1.4717
1.4699
1.4722
1.4772
1.4798
1.4918
1.49215
1.49845
1.4975
1.50085
1.5088
1.52555
1.52915
1.5331
1.5333
1.5356
1.5271
1.5271
1.5225
1.5435
1.5478
1.54885
1.5528
1.5535
1.57005
1.5758
1.5716
1.5743
1.5772
1.57915
1.56255
1.5717
1.5836
1.5657
1.5644
1.5718
1.5634
1.5614
1.5698
1.5602
1.53835
1.5378
1.5314
1.5245
1.53125
1.53855
1.5347
1.53625
1.539
1.52715
1.5285
1.5316
1.52005
1.5204
1.5213
1.5337
1.53285
1.5474
1.5498
1.5491
1.56495
1.5641
1.5651
1.559
1.55655
1.55545
1.5539
1.5609
1.5511
1.5409
1.5416
1.5493
1.55815
1.5547
1.55062
1.56025
1.5573
1.5587
1.5607
1.56805
1.5635
1.5696
1.5697
1.5655
1.5685
1.55395
1.56535
1.5643
1.5615
1.5696
1.5578
1.553
1.55035
1.54625
1.5432
1.5456
1.5474
1.5543
1.55065
1.5596
1.55645
1.55675
1.5657
1.56505
1.5577
1.5614
1.5646
1.57955
1.5918
1.58725
1.58945
1.58675
1.57835
1.58
1.581
1.58
1.5715
1.5812
1.57995
1.56455
1.5527
1.54725
1.5496
1.5575
1.55815
1.5695
1.571
1.5706
1.57675
1.5818
1.571
1.5771
1.5813
1.5908
1.5907
1.5982
1.60495
1.6033
1.60295
1.5943
1.59635
1.59615
1.59995
1.59995
1.60275
1.60965
1.60965
1.59385
1.61095
1.6059
1.6046
1.6129
1.60755
1.6076
1.60005
1.6036
1.60405
1.6095
1.61325
1.60595
1.6186
1.6208
1.6222
1.63355
1.63585
1.63955
1.64755
1.655
1.64705
1.6435
1.6495
1.6411
1.63815
1.63215
1.62585
1.61925
1.6161
1.62105
1.6145
1.59935
1.59125
1.59665
1.59365
1.57875
1.5868
1.57375
1.58365
1.5796
1.5737
1.57925
1.586
1.60255
1.5992
1.60305
1.60135
1.60675
1.61235
1.6007
1.5837
1.5692
1.5663
1.5651
1.56625
1.56305
1.5752
1.5752
1.57485
1.56465
1.57415
1.5825
1.57815
1.56775
1.57275
1.5603
1.55575
1.55475
1.5647
1.57235
1.57055
1.5715
1.57055
1.5808
1.5709
1.57125
1.5609
1.57725
1.58345
1.59355
1.5916
1.58865
1.5945
1.5997
1.6108
1.6041
1.60605
1.61605
1.5945
1.602
1.60545
1.6108
1.60895
1.6166
1.6211
1.6216
1.6338
1.6403
1.6343
1.6338
1.6355
1.6384
1.63875
1.63895
1.65385
1.636
1.6368
1.6286
1.63105
1.6604
1.66185
1.6453
1.6516
1.6662
1.66765
1.673
1.67725
1.6843
1.67885
1.68075
1.67885
1.66695
1.6629
1.67155
1.67105
1.64945
1.65585
1.662
1.6655
1.6714
1.66675
1.66175
1.6362
1.6338
1.6343
1.6343
1.60965
1.59155
1.59075
1.5956
1.59075
1.60115
1.59655
1.60795
1.61565
1.6215
1.6256
1.6237
1.61695
1.6099
1.6115
1.6118
1.6143
1.6088
1.6171
1.6037
1.60765
1.602
1.60735
1.6017
1.5958
1.59
1.58475
1.5922
1.57845
1.5745
1.5676
1.56835
1.5701
1.57825
1.5777
1.571
1.56765
1.5715
1.58215
1.5888
1.5829
1.59155
1.593
1.5952
1.6026
1.601
1.5878
1.6093
1.6079
1.6358
1.6485
1.64965
1.65875
1.65775
1.6586
1.6672
1.66075
1.6692
1.66915
1.6635
1.6704
1.6628
1.66295
1.6663
1.664
1.66605
1.6738
1.6664
1.67335
1.6783
1.6705
1.67485
1.69275
1.6944
1.6951
1.6935
1.6972
1.6979
1.6948
1.6981
1.6766
1.6843
1.67385
1.6684
1.6761
1.66815
1.6653
1.6743
1.6874
1.6872
1.69185
1.7028
1.6978
1.70425
1.7037
1.69715
1.6992
1.7113
1.7136
1.7217
1.7188
1.7319
1.72815
1.7213
1.73125
1.7339
1.74605
1.74295
1.74655
1.7467
1.74735
1.75455
1.76515
1.7713
1.7649
1.76335
1.76365
1.77505
1.77505
1.7712
1.77385
1.77705
1.78555
1.78555
1.7932
1.80705
1.82075
1.81725
1.83455
1.8478
1.84615
1.84775
1.83155
1.82465
1.7985
1.7842
1.82125
1.83165
1.84615
1.8266
1.81385
1.82835
1.81345
1.81715
1.8247
1.8225
1.83905
1.83235
1.83465
1.84795
1.86045
1.86785
1.89335
1.89425
1.8851
1.88925
1.90535
1.89095
1.89645
1.862
1.86865
1.89005
1.87155
1.86235
1.86785
1.86985
1.8399
1.82985
1.82105
1.8463
1.84935
1.82525
1.80225
1.80965
1.8036
1.80425
1.81265
1.81655
1.83565
1.8334
1.8477
1.85315
1.82375
1.80615
1.8162
1.81925
1.82735
1.84315
1.85615
1.8305
1.82265
1.84435
1.84015
1.83295
1.8336
1.83925
1.81835
1.79145
1.79195
1.79835
1.80665
1.78445
1.77385
1.77595
1.77185
1.78705
1.79195
1.77235
1.77365
1.7788
1.77195
1.79675
1.79045
1.79395
1.78785
1.77415
1.75635
1.77265
1.76125
1.76125
1.76935
1.76695
1.78475
1.77755
1.78905
1.78955
1.81025
1.81415
1.83745
1.83235
1.83275
1.83975
1.83285
1.8398
1.84095
1.84085
1.837
1.82735
1.84195
1.81945
1.81375
1.83325
1.82705
1.83495
1.8384
1.83155
1.82165
1.81715
1.82575
1.8272
1.83005
1.80745
1.81955
1.82065
1.83145
1.82815
1.84085
1.85515
1.85005
1.86
1.86155
1.85725
1.85675
1.85325
1.8733
1.86835
1.85225
1.84185
1.84475
1.83215
1.8415
1.82205
1.8244
1.81725
1.8197
1.82475
1.82445
1.82575
1.82355
1.84135
1.84065
1.82615
1.83025
1.82265
1.84365
1.84025
1.82735
1.82375
1.83185
1.81835
1.80695
1.79265
1.79565
1.79655
1.79005
1.79545
1.80235
1.79335
1.78855
1.77685
1.78005
1.77355
1.78655
1.78895
1.7964
1.79685
1.79555
1.7762
1.79275
1.79285
1.78595
1.79685
1.79295
1.79645
1.80445
1.80935
1.81335
1.79985
1.81185
1.7982
1.78405
1.78195
1.77975
1.78255
1.79495
1.79865
1.79145
1.79345
1.79675
1.80415
1.79805
1.80385
1.81715
1.82735
1.8287
1.84175
1.8336
1.8265
1.83025
1.83665
1.83345
1.84155
1.84885
1.84425
1.85545
1.85605
1.85645
1.84645
1.84275
1.85605
1.84825
1.85415
1.85965
1.84775
1.85855
1.86035
1.86845
1.88215
1.89305
1.89335
1.89355
1.90925
1.93395
1.92395
1.94335
1.93845
1.94525
1.93845
1.92535
1.91475
1.92465
1.92695
1.94195
1.93265
1.9422
1.94695
1.92795
1.91635
1.9231
1.92365
1.9336
1.92835
1.91815
1.92475
1.91855
1.90535
1.88195
1.88455
1.8767
1.87105
1.87735
1.87885
1.89015
1.88125
1.87035
1.85805
1.86525
1.87025
1.87235
1.8772
1.87825
1.86435
1.88195
1.88925
1.88825
1.8839
1.88325
1.88645
1.88175
1.87675
1.85585
1.85375
1.85875
1.86865
1.86975
1.88715
1.89535
1.88425
1.89505
1.89435
1.89615
1.91045
1.90745
1.90895
1.91895
1.92025
1.92045
1.91345
1.90675
1.9227
1.91515
1.92985
1.9245
1.92185
1.92625
1.91325
1.91275
1.92735
1.92505
1.92205
1.89685
1.88585
1.86925
1.86925
1.86995
1.86615
1.8754
1.8767
1.88935
1.88135
1.87625
1.87975
1.88095
1.87075
1.88585
1.89075
1.89195
1.89445
1.87995
1.89325
1.90425
1.91715
1.91975
1.90755
1.91425
1.91115
1.90565
1.90365
1.90735
1.90885
1.89495
1.89255
1.90255
1.90315
1.89125
1.88555
1.88245
1.87205
1.86405
1.84945
1.83775
1.83535
1.83895
1.83525
1.8276
1.82925
1.82765
1.83155
1.82065
1.82415
1.82315
1.81745
1.81165
1.816
1.81495
1.8239
1.83505
1.82365
1.82055
1.8126
1.80765
1.80635
1.82315
1.82315
1.8312
1.82535
1.82875
1.82175
1.81505
1.82405
1.82925
1.81675
1.80675
1.79055
1.76785
1.75805
1.75645
1.75255
1.7439
1.7384
1.75775
1.77805
1.76355
1.75665
1.75225
1.74805
1.73985
1.74075
1.75285
1.74015
1.74715
1.73775
1.74335
1.75565
1.75745
1.76695
1.77135
1.77745
1.78075
1.77855
1.78445
1.78755
1.79665
1.81125
1.81485
1.81135
1.81005
1.80625
1.79345
1.79505
1.80075
1.8006
1.80045
1.80245
1.80165
1.79555
1.7856
1.80355
1.83365
1.84355
1.84385
1.84175
1.83615
1.83575
1.8391
1.81905
1.82235
1.82305
1.80605
1.80775
1.80215
1.79905
1.81145
1.79015
1.77605
1.77845
1.76755
1.76825
1.76115
1.7647
1.75465
1.75905
1.76695
1.77925
1.76095
1.75565
1.74575
1.75285
1.75625
1.7684
1.7536
1.75115
1.76425
1.77405
1.76895
1.76935
1.78395
1.77525
1.78295
1.774
1.76805
1.76705
1.77655
1.77015
1.75055
1.74235
1.74405
1.74365
1.74095
1.74225
1.73755
1.73505
1.71795
1.71865
1.71605
1.71525
1.72255
1.72325
1.72215
1.71675
1.72875
1.7166
1.72925
1.73195
1.73295
1.74215
1.74045
1.73385
1.75255
1.7543
1.77515
1.76975
1.77255
1.76485
1.7719
1.76255
1.75415
1.74525
1.73775
1.73355
1.73325
1.72715
1.71805
1.72465
1.72295
1.71945
1.74645
1.75565
1.7547
1.7695
1.76525
1.76335
1.76615
1.76065
1.7748
1.76695
1.76855
1.76325
1.75715
1.7709
1.78655
1.78325
1.78325
1.77955
1.768
1.76845
1.77865
1.77475
1.77995
1.7623
1.74785
1.74675
1.74075
1.74215
1.7457
1.74135
1.73525
1.7406
1.73885
1.74015
1.74435
1.74465
1.74365
1.7518
1.7449
1.73965
1.75385
1.75005
1.75305
1.75455
1.74865
1.73545
1.73825
1.73605
1.72635
1.73355
1.7457
1.74775
1.75685
1.75675
1.75565
1.74885
1.74645
1.73405
1.74235
1.74655
1.74285
1.73515
1.74665
1.73725
1.73955
1.75535
1.75375
1.75125
1.74235
1.74375
1.74855
1.75045
1.75255
1.75115
1.7704
1.78365
1.79255
1.77815
1.78305
1.78625
1.78765
1.78445
1.80125
1.82565
1.82415
1.83955
1.84245
1.85275
1.8595
1.85785
1.86715
1.86445
1.88235
1.89375
1.87915
1.88835
1.87975
1.89515
1.8778
1.88515
1.87625
1.86875
1.87745
1.85935
1.85895
1.88345
1.87175
1.86645
1.88055
1.87225
1.86055
1.8573
1.84365
1.84115
1.84225
1.83435
1.8433
1.84885
1.85045
1.84045
1.8424
1.84565
1.82805
1.8187
1.82335
1.82095
1.81835
1.82745
1.84965
1.84165
1.8442
1.8344
1.83745
1.8509
1.84225
1.84455
1.83425
1.84365
1.83775
1.81975
1.82655
1.84225
1.84855
1.85895
1.85125
1.84035
1.85425
1.85825
1.86285
1.86785
1.87615
1.87715
1.88775
1.90755
1.90415
1.90635
1.90495
1.89375
1.8908
1.88895
1.89395
1.89665
1.88545
1.88155
1.89255
1.88785
1.89295
1.88755
1.88795
1.89375
1.8994
1.90415
1.90395
1.90545
1.90589
1.89371
1.88535
1.87597
1.86544
1.86461
1.87385
1.87744
1.88642
1.8782
1.88087
1.88131
1.88735
1.9024
1.9012
1.9002
1.89433
1.88894
1.8757
1.87248
1.88658
1.88771
1.88675
1.8788
1.8705
1.86684
1.85398
1.85443
1.85914
1.85585
1.86225
1.87163
1.86764
1.87736
1.88318
1.87281
1.87261
1.87831
1.88988
1.89863
1.8989
1.90798
1.90795
1.90814
1.90108
1.89928
1.90721
1.90453
1.90725
1.90988
1.90195
1.89573
1.88997
1.88862
1.89795
1.89756
1.89983
1.91487
1.91548
1.9326
1.93752
1.9516
1.94616
1.96536
1.9809
1.98117
1.97298
1.96532
1.96317
1.9543
1.9591
1.9706
1.96639
1.96153
1.9517
1.94765
1.96935
1.96524
1.96203
1.95726
1.95994
1.95399
1.95844
1.96274
1.9589
1.9589
1.97339
1.95078
1.94439
1.9294
1.93915
1.93897
1.93281
1.94447
1.95801
1.96639
1.96091
1.96999
1.97409
1.973
1.9754
1.98161
1.96841
1.96337
1.96038
1.96074
1.9615
1.96435
1.96739
1.96667
1.96016
1.97128
1.97023
1.95888
1.98458
1.94626
1.94609
1.96314
1.95081
1.9499
1.95085
1.95491
1.95429
1.95665
1.9625
1.96348
1.9643
1.96307
1.95802
1.94393
1.91928
1.93361
1.9307
1.92925
1.9316
1.9327
1.92841
1.93506
1.93653
1.94214
1.94495
1.9613
1.96801
1.96448
1.96165
1.96939
1.96554
1.9618
1.96301
1.9675
1.97755
1.97446
1.97639
1.97138
1.96521
1.96255
1.97167
1.97549
1.97942
1.9861
1.98909
2.00781
2.00879
2.00267
2.00314
2.0005
2.00206
2.00203
1.99095
1.99791
1.99957
1.99862
1.98857
1.98724
1.97598
1.99294
1.98903
1.9934
1.97788
1.98179
1.97903
1.98589
1.97709
1.97499
1.97491
1.97067
1.97481
1.98609
1.98468
1.98427
1.98271
1.98133
1.9759
1.9804
1.9819
1.99152
1.99315
1.9925
1.97722
1.97038
1.96928
1.97408
1.97222
1.97031
1.9776
1.98356
1.98803
1.99243
1.99223
1.99885
1.99787
1.99835
1.99919
2.00248
2.00787
2.01825
2.01716
2.01683
2.01158
2.01055
2.01555
2.02736
2.03193
2.03017
2.03445
2.03619
2.04679
2.05375
2.04933
2.05525
2.05942
2.06175
2.05378
2.04536
2.02471
2.02541
2.02978
2.03213
2.03659
2.03855
2.03118
2.02237
2.03546
2.02325
2.02385
2.01151
1.99669
1.98615
1.98467
1.982
1.9882
1.98164
1.99357
2.00537
2.01485
2.01039
1.99981
2.01767
2.01323
2.01678
2.01851
2.01385
2.02004
2.02335
2.0279
2.02768
2.03247
2.02954
2.01923
2.0084
1.99421
2.01314
1.99976
2.00916
2.01995
2.02152
2.01853
2.01582
2.02695
2.04695
2.04287
2.04064
2.03217
2.03862
2.04255
2.03736
2.03727
2.04188
2.03403
2.03665
2.04272
2.03244
2.04124
2.04273
2.05225
2.03085
2.05119
2.04964
2.0518
2.05295
2.06105
2.0682
2.08038
2.07793
2.08995
2.08068
2.08812
2.09974
2.10667
2.0922
2.05431
2.07385
2.05089
2.04382
2.0538
2.0499
2.06717
2.06293
2.06265
2.0613
2.07037
2.06683
2.0802
2.06189
2.0562
2.06354
2.05989
2.02908
2.02772
2.0303
2.04639
2.0359
2.0462
2.0404
2.01385
2.0213
2.01405
1.99576
1.9843
1.98345
1.97796
1.97719
1.98323
1.99525
1.9967
1.98635
1.98669
1.98135
1.97257
1.97325
1.96882
1.97279
1.95768
1.96169
1.95715
1.95273
1.95762
1.96228
1.97185
1.9556
1.94047
1.9631
1.95638
1.97531
1.98244
1.98507
1.98863
1.98804
1.98819
1.9649
1.9738
1.9641
1.96167
1.94337
1.94598
1.95083
1.95883
1.96287
1.96871
1.96128
1.95187
1.94861
1.94209
1.96337
1.96713
1.96665
1.98776
1.98248
1.98917
1.9883
1.98345
1.9849
1.99251
2.01073
2.01424
2.01073
2.00669
2.02604
2.03215
2.02112
1.99641
2.00856
1.98535
1.98579
1.9819
1.98582
2.00404
2.00717
2.00723
1.99363
1.98329
1.97746
1.98888
1.9959
1.99318
1.98843
1.96832
1.97528
1.97179
1.97067
1.97646
1.96283
1.97272
1.98977
1.99755
1.97921
1.99616
1.97906
1.97233
1.98405
1.99078
1.96979
1.98758
1.97626
1.97108
1.97296
1.95784
1.95427
1.95482
1.95408
1.95708
1.94542
1.94675
1.948
1.95805
1.94883
1.96739
1.97192
1.97978
1.97975
1.98167
1.97478
1.98022
1.97556
1.98255
1.96578
1.96166
1.954
1.95784
1.97025
1.97408
1.95372
1.96355
1.94568
1.94665
1.96327
1.95638
1.95884
1.97221
1.97598
1.96502
1.97088
1.97456
1.98874
1.99435
1.99353
1.99533
1.99365
1.98297
1.98295
1.97565
1.96938
1.98355
1.97747
1.9894
1.99473
2.0056
1.99826
1.99887
1.99858
2.00296
1.9913
1.9974
1.98641
1.99215
1.99448
1.97998
1.98152
1.98334
1.97545
1.96126
1.953
1.94723
1.94328
1.91975
1.91031
1.89585
1.86926
1.86847
1.86493
1.86199
1.86671
1.86132
1.87769
1.85105
1.85272
1.8382
1.83434
1.82865
1.82135
1.79955
1.78317
1.77529
1.76027
1.76605
1.75798
1.75866
1.74935
1.75855
1.79288
1.79889
1.78092
1.81399
1.81572
1.82977
1.85814
1.85328
1.8468
1.83831
1.8431
1.80432
1.78342
1.77053
1.76251
1.77185
1.74335
1.75161
1.72779
1.70944
1.70344
1.74104
1.74135
1.71416
1.7318
1.729
1.71527
1.6691
1.62195
1.62988
1.59255
1.55361
1.60231
1.63666
1.63728
1.60705
1.57326
1.59642
1.58878
1.55702
1.56425
1.56266
1.53803
1.48543
1.4831
1.4751
1.49538
1.49775
1.49614
1.47384
1.49335
1.51855
1.54549
1.53423
1.53954
1.53834
1.48883
1.49187
1.47794
1.46866
1.46919
1.4892
1.47575
1.47998
1.50409
1.49512
1.53108
1.55803
1.55158
1.5036
1.49151
1.48228
1.4728
1.47297
1.47425
1.46327
1.44191
1.44315
1.46032
1.47346
1.45485
1.46853
1.49044
1.51197
1.52289
1.51639
1.48122
1.451
1.45919
1.46538
1.4739
1.43843
1.38711
1.4022
1.38847
1.3781
1.40107
1.41571
1.42467
1.42874
1.45074
1.42329
1.443
1.44419
1.46263
1.47918
1.48911
1.45404
1.43677
1.42904
1.43728
1.42874
1.42381
1.42396
1.42958
1.443
1.4496
1.45251
1.42125
1.43088
1.43134
1.40332
1.40318
1.41874
1.41208
1.40927
1.37722
1.37746
1.38505
1.39192
1.39928
1.40712
1.40571
1.42829
1.44974
1.44586
1.45573
1.47177
1.45472
1.44575
1.43208
1.42657
1.43232
1.44546
1.47328
1.48375
1.4746
1.47389
1.47027
1.4671
1.4672
1.48493
1.4895
1.49869
1.49201
1.47962
1.4539
1.46745
1.44814
1.47102
1.4679
1.46245
1.46285
1.47525
1.47805
1.49235
1.50355
1.50615
1.51195
1.50295
1.52325
1.51135
1.52695
1.51555
1.52165
1.5179
1.53385
1.54745
1.57405
1.58515
1.59355
1.59195
1.5931
1.59605
1.593
1.61845
1.64455
1.6577
1.62985
1.6181
1.59795
1.6051
1.63135
1.6353
1.6575
1.64445
1.6305
1.6397
1.6393
1.63355
1.65065
1.63425
1.6455
1.64075
1.63695
1.65225
1.65565
1.64655
1.6476
1.6358
1.63395
1.6276
1.613
1.60675
1.6341
1.62005
1.62305
1.63215
1.64265
1.64415
1.63305