c(0.0177482271444801, 0.0474334001477666, 0.169683485911751, 
0.160466467607911, 0.145942190759027, 0.172196071217021, 0.0508671259942609, 
0.0656373634253409, 0.134433791657613, 0.195232277344794, 0.297937384088968, 
0.241842593280335, 0.310923479722115, 0.293196592914611, 0.217707305915256, 
0.209462285066019, 0.184308837974313, 0.142581364014141, 0.164444081163783, 
0.131592390974594, 0.128546850554053, 1720.82485363599, 1638.69954845277, 
1561.38418327987, 1488.42116529585, 1419.41440356646, 1354.01903542623, 
1291.93318315484, 1232.89128268136, 1176.65864149781, 1123.02696650700, 
1071.81066371450, 1022.84375698895, 975.977307022125, 931.077237241706, 
888.022492963746, 846.703475093548, 807.020701326876, 768.883656896561, 
0, 0, 0, 0, 0, 0, 0, 0, 0, 0, 0, 0, 0, 0, 0, 0, 0, 0, 0, 0, 0, 
0, 0, 0, 0, 0, 0, 0, 0, 0, 0, 0, 0, 0, 0, 0, 0, 0, 0, 0, 0, 0, 
0, 0, 0, 0, 0, 0, 0, 0, 0, 0, 0, 0, 0, 0, 0, 0, 0, 0)
